product_code,product_name,price
6917302,2.5 to 3.5 하드 변환가이드 (PS-G001),650
81037007,ADATA IM2P32A8 M.2 NVMe 벌크 (256GB),299000
81037016,ADATA IM2P32A8 M.2 NVMe 벌크 (512GB),443300
92154218,ADATA IMSS316 mSATA 벌크 (256GB),299000
92154230,ADATA IMSS316 mSATA 벌크 (512GB),423000
47038079,ADATA ISSS316 (512GB),430000
17287469,ADATA LEGEND 710 M.2 NVMe (1TB),279990
19649351,ADATA LEGEND 710 M.2 NVMe (256GB),109000
17287529,ADATA LEGEND 710 M.2 NVMe (512GB),162000
79395908,ADATA LEGEND 710 M.2 NVMe 파인인포 (1TB),279990
79396202,ADATA LEGEND 710 M.2 NVMe 파인인포 (256GB),108990
79396181,ADATA LEGEND 710 M.2 NVMe 파인인포 (512GB),162000
79250330,ADATA LEGEND 860 M.2 NVMe (1TB),279000
79401872,ADATA LEGEND 860 M.2 NVMe (2TB),485000
79250273,ADATA LEGEND 860 M.2 NVMe (500GB),165000
30008744,ADATA LEGEND 900 M.2 NVMe (1TB),285000
30008675,ADATA LEGEND 900 M.2 NVMe (2TB),642130
30008783,ADATA LEGEND 900 M.2 NVMe (512GB),179000
79402034,ADATA LEGEND 900 M.2 NVMe 파인인포 (1TB),282500
79402016,ADATA LEGEND 900 M.2 NVMe 파인인포 (2TB),525000
79402061,ADATA LEGEND 900 M.2 NVMe 파인인포 (512GB),178940
20146127,ADATA LEGEND 960 M.2 NVMe (1TB),355000
20146151,ADATA LEGEND 960 M.2 NVMe (2TB),614990
101016125,ADATA LEGEND 960 M.2 NVMe 파인인포 (1TB),355000
101016107,ADATA LEGEND 960 M.2 NVMe 파인인포 (2TB),614990
19953977,ADATA Ultimate SU650 (1TB),225990
15222089,ADATA Ultimate SU650 (256GB),78990
76512914,ADATA Ultimate SU650 (2TB),680000
16677893,ADATA Ultimate SU650 (512GB),125000
102552866,ADATA Ultimate SU650 파인인포 (1TB),238990
102552941,ADATA Ultimate SU650 파인인포 (256GB),78990
102552779,ADATA Ultimate SU650 파인인포 (2TB),224620
102552920,ADATA Ultimate SU650 파인인포 (512GB),124990
6476453,ADATA Ultimate SU800 (1TB),272910
6476441,ADATA Ultimate SU800 (512GB),239700
11036931,ADATA XPG GAMMIX S11 PRO M.2 NVMe 해외구매 (256GB),137500
31950257,ADATA XPG GAMMIX S60 M.2 NVMe (1TB),274980
108354608,ADATA XPG GAMMIX S70 BLADE M.2 NVMe 파인인포 (1TB),350000
108354521,ADATA XPG GAMMIX S70 BLADE M.2 NVMe 파인인포 (2TB),544960
108354569,ADATA XPG GAMMIX S70 BLADE M.2 NVMe 파인인포 (512GB),219000
15562385,ADATA XPG GAMMIX S70 BLADE M.2 NVMe 해외구매 (2TB),1044260
107989082,ADATA XPG MARS 970 Plus M.2 NVMe (1TB),325000
107989058,ADATA XPG MARS 970 Plus M.2 NVMe (2TB),595000
88133900,ADATA XPG MARS 980 BLADE M.2 NVMe (1TB),375000
88133846,ADATA XPG MARS 980 BLADE M.2 NVMe (2TB),647040
7175386,ADATA XPG SX6000 Lite M.2 NVMe (256GB),93730
102552977,ADATA XPG SX8200 Pro M.2 NVMe 파인인포 (512GB),193790
122710455,AFOX ME250 M.2 NVMe (1TB),219980
122698298,AFOX ME250 M.2 NVMe (512GB),134980
122679334,AGI AI238 (1TB),225000
122679370,AGI AI238 (256GB),70000
122679355,AGI AI238 (512GB),129000
101725166,AGI AI238 M.2 SATA (512GB),129900
123763088,AGI AI238 해외구매 (1TB),281300
101724923,AGI AI298 M.2 NVMe (1TB),233940
101724911,AGI AI298 M.2 NVMe (512GB),139370
122684865,AGI AI298 M.2 NVMe 서린 (1TB),235000
122684878,AGI AI298 M.2 NVMe 서린 (512GB),140000
95849339,AGI AI818 M.2 NVMe (1TB),284990
95849288,AGI AI818 M.2 NVMe (2TB),519990
123764697,AGI AI818 M.2 NVMe 서린 (1TB),259000
122684963,AGI AI828 M.2 NVMe (1TB),339000
123683237,AGI AI828 M.2 NVMe (512GB),175000
95849606,AGI AI838 M.2 NVMe (1TB),347460
122680508,AGI AI858 M.2 NVMe (1TB),389000
45257951,ASUS HYPER M.2 x16 Gen 5 CARD 해외구매,174700
122711229,Apacer AS2280F4L M.2 NVMe (1TB),379000
100329047,Apacer AS2280P4X M.2 NVMe (1TB),242000
100329014,Apacer AS2280P4X M.2 NVMe (512GB),155000
100328819,Apacer AS2280Q4X M.2 NVMe (1TB),237800
100328870,Apacer AS2280Q4X M.2 NVMe (2TB),439000
100328783,Apacer AS2280Q4X M.2 NVMe (512GB),165000
100382792,Apacer AS350X (1TB),225000
100382744,Apacer AS350X (256GB),77000
100382771,Apacer AS350X (512GB),129000
100329206,Apacer AST280X M.2 SATA (512GB),126990
18338426,BIOSTAR M760 M.2 NVMe (256GB),80430
122692214,BIWIN AP923P M.2 NVMe 벌크 (512GB),159000
100270760,BIWIN Black Opal NV3500 M.2 NVMe (1TB),240000
100270775,BIWIN Black Opal NV3500 M.2 NVMe (2TB),435000
100270739,BIWIN Black Opal NV3500 M.2 NVMe (512GB),139000
124033753,BIWIN Black Opal NV7400 M.2 NVMe (512GB),160000
99944018,BIWIN Black Opal NV7400 M.2 NVMe 해외구매 (1TB),417970
95424803,BIWIN Black Opal X570 M.2 NVMe (1TB),313630
95424824,BIWIN Black Opal X570 M.2 NVMe (2TB),515000
95424833,BIWIN Black Opal X570 M.2 NVMe (4TB),1050000
95424686,BIWIN Black Opal X570 PRO M.2 NVMe (1TB),382000
95424707,BIWIN Black Opal X570 PRO M.2 NVMe (2TB),635000
95424731,BIWIN Black Opal X570 PRO M.2 NVMe (4TB),1155000
95424329,BIWIN M100 (128GB),45000
98777888,BIWIN M100 (1TB),236000
95424425,BIWIN M100 (256GB),68500
98777909,BIWIN M100 (2TB),450240
95424440,BIWIN M100 (512GB),115000
95519807,BIWIN M100 해외구매 (256GB),111900
99944000,BIWIN M350 M.2 NVMe (1TB),255000
99943991,BIWIN M350 M.2 NVMe (2TB),415000
122710192,BIWIN M560 M.2 NVMe (1TB),309900
122710177,BIWIN M560 M.2 NVMe (2TB),619900
100270535,BIWIN NV7200 M.2 NVMe (1TB),265000
100270616,BIWIN NV7200 M.2 NVMe (2TB),485000
99944090,BIWIN NV7200 M.2 NVMe 해외구매 (1TB),363360
15583340,COLORFUL CN600 M.2 NVMe 디앤디컴 (256GB),79000
15583520,COLORFUL CN600 M.2 NVMe 디앤디컴 (512GB),129000
18633650,COLORFUL CN600 PRO M.2 NVMe 디앤디컴 (1TB),239000
18363194,COLORFUL CN600 PRO M.2 NVMe 디앤디컴 (256GB),84000
18363101,COLORFUL CN600 PRO M.2 NVMe 디앤디컴 (512GB),149000
71427278,COLORFUL CN700 PRO M.2 NVMe 디앤디컴 (1TB),279000
15591008,COLORFUL SL300 디앤디컴 (128GB),42000
5706990,COLORFUL SL500 ONYX ST (480GB),174230
15585548,COLORFUL SL500 디앤디컴 (256GB),59000
15585551,COLORFUL SL500 디앤디컴 (512GB),104000
30025547,CORSAIR MP600 CORE MINI M.2 2230 NVMe 해외구매 (1TB),413820
17887217,CORSAIR MP600 PRO LPX M.2 NVMe 해외구매 (1TB),584180
106686926,CORSAIR MP700 ELITE M.2 NVMe (1TB),359990
30247553,CORSAIR MP700 PRO M.2 NVMe (1TB),383500
30332453,CORSAIR MP700 PRO with Air Cooler M.2 NVMe 해외구매 (1TB),594860
74819345,DELL OPTIPLEX 마이크로 2.5 HDD 캐디 브라켓,19830
124237165,DELL 프리시전 2.5인치 HDD/SSD 어댑터 1B51FK700-600,10000
69696968,EDILOCA EN206 M.2 SATA 해외구매 (1TB),545110
69660347,ESSENCORE KLEVV CRAS C715 M.2 NVMe (1TB),280990
69657575,ESSENCORE KLEVV CRAS C715 M.2 NVMe (256GB),108470
69660332,ESSENCORE KLEVV CRAS C715 M.2 NVMe (512GB),126450
19190567,ESSENCORE KLEVV CRAS C730 M.2 NVMe (2TB),418000
58849154,ESSENCORE KLEVV CRAS C910 M.2 NVMe (1TB),323740
58849022,ESSENCORE KLEVV CRAS C910 M.2 NVMe (2TB),547890
70250720,ESSENCORE KLEVV CRAS C910 M.2 NVMe (4TB),1039510
58849172,ESSENCORE KLEVV CRAS C910 M.2 NVMe (500GB),184000
98242505,ESSENCORE KLEVV CRAS C910G M.2 NVMe (1TB),277860
98242532,ESSENCORE KLEVV CRAS C910G M.2 NVMe (2TB),498900
98242550,ESSENCORE KLEVV CRAS C910G M.2 NVMe (4TB),951700
98242472,ESSENCORE KLEVV CRAS C910G M.2 NVMe (500GB),177460
108420764,ESSENCORE KLEVV CRAS C910G M.2 NVMe 해외구매 (1TB),332670
93074372,ESSENCORE KLEVV CRAS C925 M.2 NVMe (1TB),299000
94814699,ESSENCORE KLEVV CRAS C925G M.2 NVMe (1TB),294820
94814663,ESSENCORE KLEVV CRAS C925G M.2 NVMe (2TB),504670
20612159,ESSENCORE KLEVV CRAS C930 M.2 NVMe (1TB),380000
20612771,ESSENCORE KLEVV CRAS C930 M.2 NVMe (2TB),591640
103130264,ESSENCORE KLEVV NEO N410+ (256GB),84180
103130261,ESSENCORE KLEVV NEO N410+ (512GB),148070
6912064,EVERCOOL COOLMARKER 5.25베이 HDD/SSD 가이드,1540
5752010,EVERCOOL COOLMARKER SSD 가이드,970
122718577,FASTRO MS150 M.2 NVMe (512GB),138000
77459732,FASTRO MS200 M.2 NVMe (1TB),260000
77459714,FASTRO MS200 M.2 NVMe (2TB),420000
6412376,FOXCONN SSD 변환 가이드 (1B03M0500),6410
99481721,Fanxiang S101 (128GB),36920
122659116,Fanxiang S101 (1TB),187760
99481724,Fanxiang S101 (256GB),64900
122659095,Fanxiang S101 (512GB),112300
102124430,Fanxiang S500 Pro M.2 NVMe (1TB),242000
102124442,Fanxiang S500 Pro M.2 NVMe (256GB),75190
102124439,Fanxiang S500 Pro M.2 NVMe (512GB),129200
98782214,Fanxiang S500 Pro M.2 NVMe 중고 (2TB),300000
74813822,Fanxiang S500 Pro M.2 NVMe 해외구매 (256GB),106020
124182410,Fanxiang S501 M.2 NVMe (1TB),172350
90888920,Fanxiang S501Q M.2 NVMe 해외구매 (1TB),168360
90888881,Fanxiang S501Q M.2 NVMe 해외구매 (512GB),83520
102125150,Fanxiang S690 M.2 NVMe (1TB),650990
102125162,Fanxiang S690 M.2 NVMe (512GB),143000
122623077,Fanxiang S880E M.2 NVMe 해외구매 (1TB),588970
79251908,Fikwot FN501 Pro M.2 NVMe 해외구매 (256GB),133500
47842307,Fikwot FN955 M.2 NVMe 해외구매 (1TB),343180
93805391,Fikwot FS810 해외구매 (4TB),663340
80547911,Fikwot FX608 M.2 2242 NVMe 해외구매 (500GB),204760
77462510,Fikwot FX812 해외구매 (256GB),54300
73770359,Fikwot FX991 M.2 NVMe 해외구매 (1TB),298250
106726385,GIGABYTE AORUS Gen4 7000E M.2 NVMe 제이씨현 (1TB),305990
79398290,GIGABYTE AORUS Gen4 7300 V2 M.2 NVMe 제이씨현 (1TB),374880
31986581,GIGABYTE Gen3 2500E M.2 NVMe 피씨디렉트 (500GB),134900
102005414,GIGABYTE Gen3 M.2 NVMe 제이씨현 (512GB),143720
108408740,GIGABYTE Gen3 M.2 NVMe 피씨디렉트 (512GB),158000
124129696,GIGABYTE Gen3 V2 M.2 NVMe 제이씨현 (256GB),80000
75931919,GIGABYTE Gen4 4000E M.2 NVMe 제이씨현 (1TB),283810
75931958,GIGABYTE Gen4 4000E M.2 NVMe 제이씨현 (500GB),149600
122616252,GIGABYTE Gen4 4000E M.2 NVMe 피씨디렉트 (1TB),269980
98226905,GIGABYTE Gen4 4000E M.2 NVMe 피씨디렉트 (500 GB),159980
12888908,GIGABYTE SSD 제이씨현 (1TB),233000
16662584,GIGABYTE SSD 제이씨현 (240GB),76000
7261471,GIGABYTE SSD 제이씨현 (480GB),132130
122724350,GUDGA GSM1500 M.2 NVMe (256GB),95040
122710002,GUDGA GVR M.2 NVMe (256GB),85150
124350393,GUDGA GVY M.2 NVMe (256GB),87000
103128803,GUDGA GXF M.2 NVMe (512GB),169000
6147163,HGST Ultrastar DC SA210 (480GB),250000
33332441,HIKSEMI E100 (1TB),213910
19807334,HIKSEMI E3000 M.2 NVMe (1TB),233640
67847015,HIKSEMI FUTURE Lite M.2 NVMe (1TB),278000
73560464,HIKSEMI FUTURE Lite M.2 NVMe (512GB),213000
28771232,HIKSEMI FUTURE M.2 NVMe (1TB),282280
28771220,HIKSEMI FUTURE M.2 NVMe (2TB),483590
28771175,HIKSEMI FUTURE M.2 NVMe (4TB),878440
28771262,HIKSEMI FUTURE M.2 NVMe (512GB),224980
28772480,HIKSEMI WAVE (128GB),39180
28772462,HIKSEMI WAVE (256GB),72530
28772405,HIKSEMI WAVE (512GB),117010
122713468,HIKSEMI WAVE(P) M.2 NVMe (256GB),74650
122681544,HIKSEMI WAVE(P) M.2 NVMe (512GB),126930
19745132,HIKSEMI Wave Pro(P) M.2 NVMe (1024GB),305000
28772096,HIKSEMI Wave Pro(P) M.2 NVMe (256GB),83770
19745036,HIKSEMI Wave Pro(P) M.2 NVMe (512GB),159900
6121318,HP EX900 M.2 NVMe (120GB),45000
6121325,HP EX900 M.2 NVMe (250GB),79430
9332742,HP EX950 M.2 NVMe 해외구매 (2TB),358900
32664824,HP FX700 M.2 NVMe (1TB),247400
32668007,HP FX700 M.2 NVMe (512GB),168650
16436138,HP FX900 Pro M.2 NVMe (512GB),205540
16039043,HP S650 (240GB),59800
5483007,HP S700 (120GB),45970
5483001,HP S700 (500GB),220000
78782768,HP Z Turbo Drive G2 M.2 NVMe (512GB),441000
4529785,ICY DOCK 5.25형 HDD/SSD 브라켓 (MB344SP-B),17000
78530153,ICY DOCK ExpressSlot Core MB312M4P-B,239150
11866912,ICY DOCK M.2 to SATA 변환 컨버터 (MB703M2P-B),22990
65309579,ICY DOCK MB024SP-B,55000
18505100,ICY DOCK MB082SP,8850
101543144,ICY DOCK MB204MP-1B M.2 to PCIe 4.0 어댑터,420000
92888870,ICY DOCK MB204MP-B M.2 to PCIe 5.0 어댑터,605000
18505103,ICY DOCK MB290SP-1B,8850
101075294,ICY DOCK MB305M4P-B M.2 to PCIe 4.0 어댑터,130000
8514981,ICY DOCK MB343SP-B,17000
12194252,ICY DOCK MB705M2P-B EZConvert,62000
12493268,ICY DOCK MB840M2P-B ToughArmor,154980
98488079,ICY DOCK MB840M5P-B M.2 to PCIe 5.0 어댑터,277000
27868562,ICY DOCK MB842MP-B M.2 NVMe to PCIe 어댑터,370000
93443267,ICY DOCK MB931U-1VB R1,183000
16390571,ICY DOCK MB987M2P-1B M.2 to PCIe 3.0 어댑터,60000
11868379,ICY DOCK SATA to PCIe 변환 어댑터 (MB839SP-B),138240
3490144,ICY DOCK 듀얼 2.5 to 3.5 HDD/SSD 브라켓 (MB290SP-B),7940
69469679,J&A LEVEN JS600 해외구매 (4TB),513000
1925749,KINGMAX 3.5 브라켓,2720
122632999,KingBank KP260 Plus M.2 NVMe 해외구매 (1TB),311660
123963282,KingBank KP270 M.2 NVMe (1TB),382110
122633403,KingBank KP270 M.2 NVMe 해외구매 (1TB),328250
6246286,KingDian N580 M.2 SATA (128GB),37070
6246293,KingDian N580 M.2 SATA (256GB),65660
6246299,KingDian N580 M.2 SATA (512GB),122920
6246397,KingDian S390 (128GB),36700
6246410,KingDian S390 (256GB),66490
6246418,KingDian S390 (512GB),107930
100691375,KingDian S390 중고 (128GB),20000
4516538,Korlet USB 3.0 Type A to SATA2 컨버터 (SU320),7850
4516580,Korlet USB 3.0 Type A to SATA3 컨버터 (SU330),9350
4718203,Korlet USB 3.1 Type A to SATA3 컨버터 (SU390),12920
96256598,Lexar ARES PRO M.2 NVMe 해외구매 (1TB),495050
124259280,Lexar NM1090 PRO M.2 NVMe (1TB),
124259281,Lexar NM1090 PRO M.2 NVMe (2TB),701640
124259284,Lexar NM1090 PRO M.2 NVMe (4TB),
86178551,Lexar NM1090 PRO M.2 NVMe 해외구매 (1TB),478590
86184725,Lexar NM1090 PRO M.2 NVMe 해외구매 (2TB),654080
93628481,Lexar NM1090 PRO M.2 NVMe 해외구매 (4TB),1077000
18150146,Lexar NM620 M.2 NVMe (256GB),99770
18150428,Lexar NM620 M.2 NVMe (512GB),158290
29888366,Lexar NM790 M.2 NVMe (1TB),294900
29954126,Lexar NM790 히트싱크 M.2 NVMe 해외구매 (1TB),595840
123993489,Lexar NQ790 M.2 NVMe (1TB),351000
123993472,Lexar NQ790 M.2 NVMe (512GB),194000
87698144,Lexar NS100 (1TB),328990
7162783,Lexar NS100 (256GB),59250
7162801,Lexar NS100 (512GB),93880
7163878,Lexar NS100 해외구매 (128GB),44370
7163893,Lexar NS100 해외구매 (512GB),99890
122616448,Lexar PLAY X M.2 2230 NVMe (1TB),346550
122616452,Lexar PLAY X M.2 2230 NVMe (512GB),252760
108407147,LinkMore XE-430 PRO M.2 2230 NVMe 해외구매 (1TB),447760
15202664,Lite-On CL1-8D M.2 NVMe 벌크 (128GB),78000
12978845,Lite-On CL1-8D M.2 NVMe 벌크 (256GB),78000
4381967,Lite-On CV1 중고 (128GB),31000
4381948,Lite-On CV1 중고 (256GB),61000
6099608,Lite-On CV3 M.2 SATA 중고 (256GB),55500
3246338,Lite-On ZETA M.2 SATA 중고 (128GB),31000
122691130,Longsys FORESEE XP2300F M.2 NVMe 벌크 (256GB),63910
13427999,M.2 SSD 고정용 나사 (10개입),790
29958449,M.2 SSD 고정용 나사 (1개입),130
103125200,M.2 SSD 고정용 나사 (24개입),13640
37932155,MAXTEK 2.5형 HDD 케이스 (MT200),1600
37932176,MAXTEK 2.5형 HDD 케이스 (MT201),1600
28609502,MAXTEK MT008 2.5 to 3.5 HDD 장착 가이드,620
13554050,MAXTEK MT052 2.5 to 3.5 HDD 장착 가이드,390
93070175,MAXTEK MT569 M.2 SSD 연장 가이드,1790
15725393,MG BX3510 하드보관함,21310
77282546,MG BX3522 하드보관함,54890
15725492,MG BX3826 하드보관함,34000
93015746,MOVESPEED YSSDHB M.2 NVme 해외구매 (1TB),486610
78173954,MSI SPATIUM M450 V1 M.2 NVMe (1TB),254000
91424435,MSI SPATIUM M450 V1 M.2 NVMe (500GB),173990
123802280,MSI SPATIUM M452 M.2 NVMe (500GB),169000
20693099,MSI SPATIUM M461 M.2 NVMe (1TB),379000
20693714,MSI SPATIUM M480 PRO M.2 NVMe (1TB),399000
32103443,MSI SPATIUM M480 PRO M.2 NVMe (2TB),679000
32105957,MSI SPATIUM M480 PRO M.2 NVMe 해외구매 (1TB),397380
28377929,MSI SPATIUM M480 PRO M.2 NVMe 해외구매 (2TB),842050
28460444,MSI SPATIUM M480 PRO M.2 NVMe 해외구매 (4TB),1522960
93440663,MSI SPATIUM M560 M.2 NVMe (1TB),399000
2289404,NCTOP MIRASOL 2.5 슬롯형 SSD GUIDE,460
4645937,ORICO 1125SS 변환 가이드,13290
4318873,ORICO 3.5 HDD 알루미늄 10단 하드보관함 (BSC35-10),45500
4318839,ORICO 3.5 HDD 알루미늄 5단 하드보관함 (BSC35-05),35490
85645094,ORICO D2NS-6G 변환 가이드,15900
85656656,ORICO D2SS-6G 변환 가이드,15900
63142121,ORICO J-20 M.2 NVMe (512GB),198000
20781266,ORICO PHA35 HDD보관함,16000
20781272,ORICO PHA35 HDD보관함 5P,56900
1759667,ORICO PHP-35 HDD보관함,6200
14943323,ORICO PHP-35 HDD보관함 해외구매,8600
29940494,ORICO PHP-5S HDD보관함 해외구매,10120
1659778,ORICO PHX-35 하드 보호케이스,5500
20762234,ORICO PPH25 HDD/SSD 보관함,12900
5760752,ORICO PSC-L20 충격방지 하드보관함,107900
74121482,ORICO Y-20 (128GB),38720
74121548,ORICO Y-20 (2TB),414000
74121578,ORICO Y-20 (4TB),872400
74121518,ORICO Y-20 (512GB),112040
11776096,OWC Accelsior 4M2 M.2 NVMe to PCIe3.0 카드 (SSD미포함),575040
73883546,OWC Accelsior Pro 8M2 M.2 NVMe to PCIe4.0 카드,2289650
58119458,OWC U2 ShuttleOne M.2 NVMe to U.2 컨버터 서린,59000
105181823,Oreton N7000 M.2 NVMe (1TB),469700
105181817,Oreton N7000 M.2 NVMe (2TB),735900
105181766,Oreton N7000 M.2 NVMe (4TB),1443200
21648764,PATRIOT P220 (128GB),56000
21648875,PATRIOT P220 (1TB),264000
21648812,PATRIOT P220 (256GB),82500
21648908,PATRIOT P220 (2TB),540500
21648833,PATRIOT P220 (512GB),155000
76509452,PATRIOT P220 QLC (128GB),56000
76509521,PATRIOT P220 QLC (1TB),264000
76509512,PATRIOT P220 QLC (256GB),82500
76509536,PATRIOT P220 QLC (2TB),540500
76509518,PATRIOT P220 QLC (512GB),155000
12826433,PATRIOT P300 M.2 NVMe (128GB),79480
12825845,PATRIOT P300 M.2 NVMe (1TB),284480
12826391,PATRIOT P300 M.2 NVMe (256GB),96980
18617705,PATRIOT P300 M.2 NVMe (2TB),506780
12826274,PATRIOT P300 M.2 NVMe (512GB),156980
76875305,PATRIOT P400 Lite M.2 NVMe (1TB),277000
76875284,PATRIOT P400 Lite M.2 NVMe (2TB),512000
76875311,PATRIOT P400 Lite M.2 NVMe (500GB),161000
106721555,PATRIOT P410 M.2 NVMe (1TB),288000
106721537,PATRIOT P410 M.2 NVMe (2TB),504980
106721561,PATRIOT P410 M.2 NVMe (500GB),171000
106747226,PATRIOT P410 M.2 NVMe 해외구매 (1TB),346000
106223282,PATRIOT VIPER VP4300 M.2 NVMe (1TB),372000
106223264,PATRIOT VIPER VP4300 M.2 NVMe (2TB),591500
3823213,PNY 3.5 변환 SSD 가이드,1060
124181381,PNY CS1031 Gen3 M.2 NVMe STCOM (1TB),
123721509,PNY CS1031 Gen3 M.2 NVMe 제이씨현 (1TB),235000
13137749,PNY CS1031 Gen3 M.2 NVMe 제이씨현 (256GB),79000
17970599,PNY CS1031 Gen3 M.2 NVMe 제이씨현 (500GB),154000
72974108,PNY CS2150 M.2 NVMe 해외구매 (1TB),379440
29858063,PNY CS2241 M.2 NVMe 제이씨현 (1TB),262640
71427395,PNY CS2241 M.2 NVMe 제이씨현 (500GB),156490
48001118,PNY CS2241 M.2 NVMe 해외구매 (1TB),337600
100702295,PNY CS3250 M.2 NVMe 해외구매 (4TB),1173800
18041081,PNY CS900 제이씨현 (1TB),217580
17970794,PNY CS900 제이씨현 (250GB),68900
13865279,PNY CS900 제이씨현 (500GB),118300
11391825,PNY XLR8 CS2311 (250GB),169430
30230834,PNY XLR8 CS3150 히트싱크 ARGB M.2 NVMe (2TB),514000
52260158,PUSKILL SATA3 SSD 해외구매 (120GB),43560
7169830,Plextor S3C 중고 (128GB),31000
124183134,QSENN Q580 M.2 NVMe (1TB),235000
124183158,QSENN Q580 M.2 NVMe (256GB),77000
124183150,QSENN Q580 M.2 NVMe (512GB),134000
77461649,RiTEK RiDATA A801 M.2 NVMe 해외구매 (2TB),589000
122676970,SK하이닉스 BC501 M.2 NVMe 중고 (256GB),75990
13400279,SK하이닉스 BC511 M.2 NVMe 벌크 (256GB),142970
122676947,SK하이닉스 BC511 M.2 NVMe 중고 (256GB),75990
16958459,SK하이닉스 BC711 M.2 NVMe 벌크 (128GB),150000
14958056,SK하이닉스 BC711 M.2 NVMe 벌크 (256GB),108000
15946976,SK하이닉스 BC711 M.2 NVMe 병행수입 (1TB),349470
15946682,SK하이닉스 BC711 M.2 NVMe 병행수입 (256GB),108000
123742464,SK하이닉스 BC711 M.2 NVMe 중고 (1TB),299890
18796625,SK하이닉스 BC711 M.2 NVMe 중고 (256GB),79990
122676729,SK하이닉스 BC711 M.2 NVMe 중고 (512GB),199000
29485325,SK하이닉스 BC901 M.2 2242 NVMe 벌크 (256GB),128000
78096638,SK하이닉스 BC901 M.2 NVMe 벌크 (1TB),299980
57508163,SK하이닉스 BC901 M.2 NVMe 벌크 (256GB),79990
97838573,SK하이닉스 BC901 M.2 NVMe 벌크 (512GB),245510
122676986,SK하이닉스 BC901 M.2 NVMe 중고 (256GB),72730
13161338,SK하이닉스 Gold P31 M.2 NVMe (1TB),399000
15022826,SK하이닉스 Gold P31 M.2 NVMe (2TB),860000
13161353,SK하이닉스 Gold P31 M.2 NVMe (500GB),400000
62646689,SK하이닉스 Gold P31 M.2 NVMe 병행수입 (1TB),495000
62646656,SK하이닉스 Gold P31 M.2 NVMe 병행수입 (2TB),860000
98085878,SK하이닉스 Gold P31 M.2 NVMe 중고 (1TB),320000
105180698,SK하이닉스 Gold P31 M.2 NVMe 중고 (2TB),575000
100326203,SK하이닉스 Gold P31 M.2 NVMe 중고 (500GB),183990
13077407,SK하이닉스 Gold P31 M.2 NVMe 해외구매 (1TB),375160
13077344,SK하이닉스 Gold P31 M.2 NVMe 해외구매 (500GB),512540
123742448,SK하이닉스 Gold S31 중고 (1TB),274990
123742443,SK하이닉스 Gold S31 중고 (500GB),175650
11197458,SK하이닉스 PC601 M.2 NVMe 벌크 (256GB),93000
18867446,SK하이닉스 PC711 M.2 NVMe 벌크 (256GB),108000
123742456,SK하이닉스 PC711 M.2 NVMe 중고 (1TB),278960
122676758,SK하이닉스 PC711 M.2 NVMe 중고 (256GB),79990
62174813,SK하이닉스 PC801 M.2 NVMe 벌크 (1TB),348990
19826411,SK하이닉스 PC801 M.2 NVMe 벌크 (256GB),88990
28399616,SK하이닉스 PC801 M.2 NVMe 벌크 (512GB),219000
64468136,SK하이닉스 PC801 M.2 NVMe 해외구매 (512GB),276300
98920067,SK하이닉스 PVC10 M.2 2242 NVMe 벌크 (256GB),78400
98766941,SK하이닉스 PVC10 M.2 2242 NVMe 벌크 (512GB),169000
106737650,SK하이닉스 PVC10 M.2 NVMe 벌크 (1TB),376980
106737653,SK하이닉스 PVC10 M.2 NVMe 벌크 (512GB),218500
17001050,SK하이닉스 Platinum P41 M.2 NVMe (1TB),427700
17000984,SK하이닉스 Platinum P41 M.2 NVMe (2TB),669990
17001083,SK하이닉스 Platinum P41 M.2 NVMe (500GB),341970
62653439,SK하이닉스 Platinum P41 M.2 NVMe 병행수입 (1TB),434990
62653445,SK하이닉스 Platinum P41 M.2 NVMe 병행수입 (2TB),599990
102754202,SK하이닉스 Platinum P41 M.2 NVMe 중고 (1TB),319000
102125519,SK하이닉스 Platinum P41 M.2 NVMe 중고 (2TB),590980
122676962,SK하이닉스 Platinum P41 M.2 NVMe 중고 (500GB),280000
17398064,SK하이닉스 Platinum P41 M.2 NVMe 해외구매 (1TB),451520
17398076,SK하이닉스 Platinum P41 M.2 NVMe 해외구매 (2TB),617610
17397623,SK하이닉스 Platinum P41 M.2 NVMe 해외구매 (500GB),283310
72823220,SK하이닉스 Platinum P51 M.2 NVMe (1TB),639990
72823133,SK하이닉스 Platinum P51 M.2 NVMe (2TB),910000
92187023,SK하이닉스 Platinum P51 M.2 NVMe 병행수입 (1TB),681000
92187014,SK하이닉스 Platinum P51 M.2 NVMe 병행수입 (2TB),987000
106693607,SK하이닉스 Platinum P51 M.2 NVMe 중고 (2TB),860000
91114781,SK하이닉스 Platinum P51 M.2 NVMe 해외구매 (1TB),622500
91114766,SK하이닉스 Platinum P51 M.2 NVMe 해외구매 (2TB),910000
6383572,SK하이닉스 SC311 M.2 SATA 중고 (128GB),40000
90116603,SK하이닉스 Silver S32 (1TB),274060
90116597,SK하이닉스 Silver S32 (2TB),420000
90116615,SK하이닉스 Silver S32 (500GB),189000
93500936,SK하이닉스 Silver S32 해외구매 (1TB),282250
93500912,SK하이닉스 Silver S32 해외구매 (500GB),247790
1958194,SOH SATA to USB3.0 어댑터(J-300),9800
33412676,SSD21 2.5인치 하드보관함,41240
10991451,STCOM STORM SSD (480GB),104990
112023155,STCOM STORM SSD 정품 (480GB),105000
104947865,Sabrent 4-Drive M.2 NVMe to PCIe 카드 해외구매 (EC-P4BF),182090
93564920,Sabrent EC-M2SA M.2 to SATA 컨버터 해외구매,27760
18662393,Sabrent Rocket M.2 2230 NVMe 해외구매 (1TB),424400
42503180,Sabrent Rocket Q4 M.2 NVMe 해외구매 (1TB),359910
123803362,Sandisk 320 SSD (1TB),327990
123803370,Sandisk 320 SSD (250GB),118850
123803357,Sandisk 320 SSD (2TB),602630
123803367,Sandisk 320 SSD (500GB),173000
123803276,Sandisk 520 SSD (1TB),342420
123803244,Sandisk 520 SSD (2TB),640000
123803266,Sandisk 520 SSD (4TB),1097000
123803289,Sandisk 520 SSD (500GB),181000
31284620,Sandisk Extreme M.2 NVMe (1TB),361990
31284551,Sandisk Extreme M.2 NVMe (2TB),663040
31284659,Sandisk Extreme M.2 NVMe (500GB),196990
103481918,Sandisk Extreme Pro SSD 중고 (960GB),227530
122669740,Sandisk Optimus 5100 M.2 NVMe (1TB),333990
122669695,Sandisk Optimus 5100 M.2 NVMe (2TB),622990
122669782,Sandisk Optimus 5100 M.2 NVMe (4TB),1083990
122669752,Sandisk Optimus 5100 M.2 NVMe (500GB),181140
123764119,Sandisk Optimus 5100 M.2 NVMe 해외구매 (1TB),301900
122704940,Sandisk Optimus 5100 M.2 NVMe 해외구매 (2TB),682000
123764123,Sandisk Optimus 5100 M.2 NVMe 해외구매 (500GB),428990
122669509,Sandisk Optimus GX 7100 M.2 NVMe (1TB),391530
122669499,Sandisk Optimus GX 7100 M.2 NVMe (2TB),797400
122669472,Sandisk Optimus GX 7100 M.2 NVMe (4TB),1548620
122669528,Sandisk Optimus GX 7100 M.2 NVMe (500GB),207000
122676681,Sandisk Optimus GX 7100 M.2 NVMe 해외구매 (1TB),371100
122676678,Sandisk Optimus GX 7100 M.2 NVMe 해외구매 (2TB),818480
122676687,Sandisk Optimus GX 7100 M.2 NVMe 해외구매 (500GB),241800
122669603,Sandisk Optimus GX 7100M M.2 2230 NVMe (2TB),815820
122683874,Sandisk Optimus GX 7100M M.2 2230 NVMe 해외구매 (1TB),364320
122683875,Sandisk Optimus GX 7100M M.2 2230 NVMe 해외구매 (2TB),765810
122668549,Sandisk Optimus GX PRO 8100 M.2 NVMe (1TB),498990
122668350,Sandisk Optimus GX PRO 8100 M.2 NVMe (2TB),935190
122668313,Sandisk Optimus GX PRO 8100 M.2 NVMe (4TB),1692490
122668290,Sandisk Optimus GX PRO 8100 M.2 NVMe (8TB),3628450
106047668,Sandisk Optimus GX PRO 8100 M.2 NVMe 해외구매 (1TB),769600
122669264,Sandisk Optimus GX PRO 8100 히트싱크 M.2 NVMe (1TB),538920
122669256,Sandisk Optimus GX PRO 8100 히트싱크 M.2 NVMe (2TB),974280
122668913,Sandisk Optimus GX PRO 8100 히트싱크 M.2 NVMe (4TB),1786540
122668847,Sandisk Optimus GX PRO 8100 히트싱크 M.2 NVMe (8TB),3660200
122667989,Sandisk Optimus GX PRO 850X M.2 NVMe (1TB),428720
122667976,Sandisk Optimus GX PRO 850X M.2 NVMe (2TB),840710
122667889,Sandisk Optimus GX PRO 850X M.2 NVMe (4TB),1584710
122667809,Sandisk Optimus GX PRO 850X M.2 NVMe (8TB),3170360
122668205,Sandisk Optimus GX PRO 850X 히트싱크 M.2 NVMe (1TB),460340
122668191,Sandisk Optimus GX PRO 850X 히트싱크 M.2 NVMe (2TB),872330
122668158,Sandisk Optimus GX PRO 850X 히트싱크 M.2 NVMe (4TB),1626560
122668134,Sandisk Optimus GX PRO 850X 히트싱크 M.2 NVMe (8TB),3254990
7981891,Sandisk SSD PLUS (1TB),259430
3206498,Sandisk SSD PLUS (240GB),105890
31284125,Sandisk SSD PLUS M.2 NVMe (1TB),268760
34388156,Sandisk SSD PLUS M.2 NVMe (250GB),111500
31284086,Sandisk SSD PLUS M.2 NVMe (2TB),641090
31284176,Sandisk SSD PLUS M.2 NVMe (500GB),131790
68244365,Sandisk SSD PLUS M.2 NVMe 해외구매 (250GB),73010
124012255,Sandisk SSD PLUS 중고 (240GB),57990
5391601,Sandisk Ultra 3D (1TB),280970
5391586,Sandisk Ultra 3D (250GB),141000
5391611,Sandisk Ultra 3D (2TB),687100
11439459,Sandisk Ultra 3D (4TB),1016310
5391593,Sandisk Ultra 3D (500GB),176410
6419325,Sandisk Ultra 3D 해외구매 (1TB),292582
90574892,Sandisk Ultra 3D 해외구매 (4TB),1430710
11581853,Sandisk X300 중고 (256GB),66000
15896000,Sandisk X600 M.2 SATA 벌크 (128GB),78000
6645946,Sandisk X600 M.2 SATA 중고 (128GB),23250
6814348,Sandisk X600 M.2 SATA 중고 (256GB),61000
123670290,Sandisk Z400s M.2 SATA 중고 (128GB),23250
124012247,Sandisk Z400s 중고 (256GB),47000
17947481,Seagate Game Drive for PS5 M.2 NVMe (1TB),399000
17947601,Seagate Game Drive for PS5 M.2 NVMe (2TB),599000
123742434,Seagate IronWolf 125 SSD 중고 (250GB),99890
90701570,Seagate 바라쿠다 530 M.2 NVMe (1024GB),327840
90701654,Seagate 바라쿠다 530 M.2 NVMe (2048GB),1498660
39104663,Seagate 바라쿠다 PCIe M.2 NVMe (1TB),303030
39104681,Seagate 바라쿠다 PCIe M.2 NVMe (500GB),198990
14742761,Seagate 바라쿠다 Q5 M.2 NVMe 해외구매 (500GB),95130
102760415,Seagate 파이어쿠다 530 M.2 NVMe 중고 (2TB),330000
16706948,Seagate 파이어쿠다 530 히트싱크 M.2 NVMe 해외구매 (1TB),349600
61436369,Seagate 파이어쿠다 530R M.2 NVMe (2TB),592800
61436288,Seagate 파이어쿠다 530R M.2 NVMe (4TB),1199000
61436648,Seagate 파이어쿠다 530R 히트싱크 M.2 NVMe (2TB),614630
61436567,Seagate 파이어쿠다 530R 히트싱크 M.2 NVMe (4TB),1214990
20687681,Seagate 파이어쿠다 540 M.2 NVMe (2TB),656400
108392288,Seagate 파이어쿠다 X1070 M.2 NVMe (1TB),299000
108392261,Seagate 파이어쿠다 X1070 M.2 NVMe (2TB),927320
108392246,Seagate 파이어쿠다 X1070 M.2 NVMe (4TB),1865290
108419903,Seagate 파이어쿠다 X1070 M.2 NVMe 해외구매 (1TB),471500
15863327,SilverStone SDP08-E SSD 가이드 STCOM,10360
100619522,SilverStone SST-ECM40,144000
100619537,SilverStone SST-ECM40 해외구매,163670
108391418,SilverStone SST-ECS07 해외구매,108560
92686442,SooPii M01 M.2 보관케이스,4900
14239667,Synology M2D20 M.2 to PCI-E 컨버터,251000
18479918,Synology SNV3410 M.2 NVMe (400GB),783000
19578560,Synology SNV3410 M.2 NVMe 해외구매 (400GB),549000
66139244,Synology SNV3410 M.2 NVMe 해외구매 (800GB),556380
30272459,Synology SNV3510 M.2 22110 NVMe (800GB),773420
92234456,Synology SNV5420 M.2 NVMe (400GB),878280
92234378,Synology SNV5420 M.2 NVMe (800GB),985230
97225280,TWSC CUSU C300 (1TB),195500
97225262,TWSC CUSU C300 (256GB),67500
97225286,TWSC CUSU C300 (2TB),354990
97225271,TWSC CUSU C300 (512GB),125780
96582128,TWSC CUSU CV3500 M.2 NVMe (256GB),92040
96582080,TWSC CUSU CV3500 M.2 NVMe (2TB),449990
99711584,TWSC CUSU CV3500Q M.2 NVMe (1TB),259460
99711347,TWSC CUSU CV3500Q M.2 NVMe (512GB),92720
96983756,TWSC CUSU CV3500Q M.2 NVMe 해외구매 (512GB),179000
99126695,TWSC CUSU CV5000 M.2 NVMe (1TB),299990
99126662,TWSC CUSU CV5000 M.2 NVMe (512GB),179000
19706051,TeamGroup AX2 해외구매 (1TB),178670
19705955,TeamGroup AX2 해외구매 (256GB),152370
12714503,TeamGroup CX2 (256GB),192000
12714575,TeamGroup CX2 (512GB),288000
9282297,TeamGroup GX1 (240GB),68830
9282543,TeamGroup GX2 (128GB),59000
9282597,TeamGroup GX2 (1TB),238990
9282576,TeamGroup GX2 (256GB),88000
9282591,TeamGroup GX2 (512GB),136000
104325023,TeamGroup MP33 M.2 NVMe 서린 (1TB),259000
104325029,TeamGroup MP33 M.2 NVMe 서린 (512GB),157500
15624662,TeamGroup MP33 PRO M.2 NVMe 해외구매 (1TB),423190
18983489,TeamGroup MP44L M.2 NVMe 서린 (1TB),279000
18983501,TeamGroup MP44L M.2 NVMe 서린 (500GB),195510
59759888,TeamGroup MP44Q M.2 NVMe 해외구매 (1TB),307280
59759942,TeamGroup MP44Q M.2 NVMe 해외구매 (2TB),523480
59760059,TeamGroup MP44Q M.2 NVMe 해외구매 (4TB),896000
52259360,TeamGroup MP44S M.2 2230 NVMe 해외구매 (1TB),332220
52259324,TeamGroup MP44S M.2 2230 NVMe 해외구매 (2TB),479220
7911898,TeamGroup MS30 M.2 SATA (256GB),114000
7911922,TeamGroup MS30 M.2 SATA (512GB),156000
7922116,TeamGroup MS30 M.2 SATA 해외구매 (1TB),175360
103453349,TeamGroup NV10000 M.2 NVMe 해외구매 (2TB),874940
96984434,TeamGroup T-Force G50 M.2 NVMe 해외구매 (512GB),699080
89602244,TeamGroup T-Force GA PRO M.2 NVMe 해외구매 (1TB),533510
91346567,TeamGroup T-Force GA PRO M.2 NVMe 해외구매 (2TB),716500
122682624,TeamGroup T-Force GA PRO for DARK AirFlow M.2 NVMe (1TB),399000
18681773,Union Memory AM620 M.2 2242 NVMe 벌크 (256GB),86400
78234926,Union Memory AM6A0 M.2 2242 NVMe 벌크 (256GB),100000
122692240,Union Memory AM6A0 M.2 NVMe 벌크 (512GB),159000
13875032,Western Digital WD BLACK AN1500 PCIe NVMe 해외구매 (1TB),594000
74118179,Western Digital WD BLACK SN7100 M.2 NVMe (1TB),333990
74118173,Western Digital WD BLACK SN7100 M.2 NVMe (2TB),504500
75001856,Western Digital WD BLACK SN7100 M.2 NVMe (4TB),939000
74118188,Western Digital WD BLACK SN7100 M.2 NVMe (500GB),344990
72310637,Western Digital WD BLACK SN7100 M.2 NVMe 해외구매 (1TB),446160
72310649,Western Digital WD BLACK SN7100 M.2 NVMe 해외구매 (2TB),813400
78611906,Western Digital WD BLACK SN7100 M.2 NVMe 해외구매 (4TB),1515930
72310385,Western Digital WD BLACK SN7100 M.2 NVMe 해외구매 (500GB),301010
7395145,Western Digital WD BLACK SN750 M.2 NVMe (500GB),310000
16587578,Western Digital WD BLACK SN770 M.2 NVMe (250GB),180000
29868374,Western Digital WD BLACK SN770M M.2 2230 NVMe (1TB),590000
29868269,Western Digital WD BLACK SN770M M.2 2230 NVMe (2TB),990000
29868494,Western Digital WD BLACK SN770M M.2 2230 NVMe (500GB),380000
98183978,Western Digital WD BLACK SN770M M.2 2230 NVMe 중고 (1TB),480000
97838978,Western Digital WD BLACK SN770M M.2 2230 NVMe 중고 (2TB),960000
30103469,Western Digital WD BLACK SN770M M.2 2230 NVMe 해외구매 (1TB),499260
31283690,Western Digital WD BLACK SN770M M.2 2230 NVMe 해외구매 (2TB),1500000
28376822,Western Digital WD BLACK SN770M M.2 2230 NVMe 해외구매 (500GB),490000
92186393,Western Digital WD BLACK SN8100 M.2 NVMe (1TB),425790
92186342,Western Digital WD BLACK SN8100 M.2 NVMe (2TB),799580
92184953,Western Digital WD BLACK SN8100 M.2 NVMe (4TB),1815000
100618058,Western Digital WD BLACK SN8100 M.2 NVMe (8TB),3327900
90574046,Western Digital WD BLACK SN8100 M.2 NVMe 해외구매 (1TB),411000
90574004,Western Digital WD BLACK SN8100 M.2 NVMe 해외구매 (2TB),1131410
92186648,Western Digital WD BLACK SN8100 M.2 NVMe 해외구매 (4TB),1740000
100189904,Western Digital WD BLACK SN8100 M.2 NVMe 해외구매 (8TB),3680000
103186514,Western Digital WD BLACK SN8100 히트싱크 M.2 NVMe 해외구매 (1TB),464000
103186541,Western Digital WD BLACK SN8100 히트싱크 M.2 NVMe 해외구매 (2TB),890000
103186568,Western Digital WD BLACK SN8100 히트싱크 M.2 NVMe 해외구매 (4TB),1211430
100189970,Western Digital WD BLACK SN8100 히트싱크 M.2 NVMe 해외구매 (8TB),3297000
12660173,Western Digital WD BLACK SN850 M.2 NVMe (1TB),372000
106036154,Western Digital WD BLACK SN850 M.2 NVMe 중고 (1TB),366000
14597480,Western Digital WD BLACK SN850 M.2 NVMe 해외구매 (500GB),220000
13847210,Western Digital WD BLACK SN850 히트싱크 M.2 NVMe (2TB),590000
14597159,Western Digital WD BLACK SN850 히트싱크 M.2 NVMe 해외구매 (1TB),490000
16729436,Western Digital WD BLACK SN850 히트싱크 M.2 NVMe 해외구매 (2TB),559000
14597171,Western Digital WD BLACK SN850 히트싱크 M.2 NVMe 해외구매 (500GB),319000
21429269,Western Digital WD BLACK SN850P 히트싱크 for PS5 M.2 NVMe (1TB),551000
21429272,Western Digital WD BLACK SN850P 히트싱크 for PS5 M.2 NVMe (2TB),896000
21572813,Western Digital WD BLACK SN850P 히트싱크 for PS5 M.2 NVMe 해외구매 (1TB),549310
21572825,Western Digital WD BLACK SN850P 히트싱크 for PS5 M.2 NVMe 해외구매 (2TB),704000
21721961,Western Digital WD BLACK SN850P 히트싱크 for PS5 M.2 NVMe 해외구매 (4TB),1659840
64465940,Western Digital WD BLACK SN850P 히트싱크 for PS5 M.2 NVMe 해외구매 (8TB),1895000
17788487,Western Digital WD BLACK SN850X M.2 NVMe (1TB),384540
17788451,Western Digital WD BLACK SN850X M.2 NVMe (2TB),614990
17788379,Western Digital WD BLACK SN850X M.2 NVMe (4TB),1540990
71906102,Western Digital WD BLACK SN850X M.2 NVMe (8TB),2978410
103751306,Western Digital WD BLACK SN850X M.2 NVMe 병행수입 (1TB),376000
98086106,Western Digital WD BLACK SN850X M.2 NVMe 중고 (1TB),366000
97842122,Western Digital WD BLACK SN850X M.2 NVMe 중고 (2TB),595000
98484476,Western Digital WD BLACK SN850X M.2 NVMe 중고 (4TB),1605000
98240828,Western Digital WD BLACK SN850X M.2 NVMe 중고 (8TB),3059000
17819666,Western Digital WD BLACK SN850X M.2 NVMe 해외구매 (1TB),345830
18684164,Western Digital WD BLACK SN850X M.2 NVMe 해외구매 (2TB),646400
18684167,Western Digital WD BLACK SN850X M.2 NVMe 해외구매 (4TB),1001310
64466078,Western Digital WD BLACK SN850X M.2 NVMe 해외구매 (8TB),2648640
17790251,Western Digital WD BLACK SN850X 히트싱크 M.2 NVMe (1TB),394550
17790299,Western Digital WD BLACK SN850X 히트싱크 M.2 NVMe (2TB),614210
74052506,Western Digital WD BLACK SN850X 히트싱크 M.2 NVMe (4TB),1496000
71644874,Western Digital WD BLACK SN850X 히트싱크 M.2 NVMe (8TB),2990000
98086103,Western Digital WD BLACK SN850X 히트싱크 M.2 NVMe 중고 (1TB),446000
18684149,Western Digital WD BLACK SN850X 히트싱크 M.2 NVMe 해외구매 (1TB),421360
18684197,Western Digital WD BLACK SN850X 히트싱크 M.2 NVMe 해외구매 (2TB),619000
67980758,Western Digital WD BLACK SN850X 히트싱크 M.2 NVMe 해외구매 (4TB),1358400
68364578,Western Digital WD BLACK SN850X 히트싱크 M.2 NVMe 해외구매 (8TB),2495040
6078367,Western Digital WD Blue 3D M.2 SATA (1TB),490000
5579658,Western Digital WD Blue 3D SSD (1TB),440000
5579642,Western Digital WD Blue 3D SSD (250GB),180000
13782983,Western Digital WD Blue 3D SSD (4TB),1300000
123742488,Western Digital WD Blue 3D SSD 중고 (1TB),320000
122708657,Western Digital WD Blue 3D SSD 중고 (250GB),62990
123971809,Western Digital WD Blue 3D SSD 중고 (2TB),286470
124012269,Western Digital WD Blue 3D SSD 중고 (4TB),465000
106693739,Western Digital WD Blue 3D SSD 중고 (500GB),85000
13089398,Western Digital WD Blue 3D SSD 해외구매 (4TB),1200000
17142170,Western Digital WD Blue SA510 (1TB),278990
17142230,Western Digital WD Blue SA510 (250GB),214740
21429281,Western Digital WD Blue SA510 (2TB),820340
27806333,Western Digital WD Blue SA510 (4TB),1006730
17142212,Western Digital WD Blue SA510 (500GB),168990
17143130,Western Digital WD Blue SA510 M.2 SATA (1TB),275330
17143181,Western Digital WD Blue SA510 M.2 SATA (250GB),188000
93070559,Western Digital WD Blue SA510 M.2 SATA (2TB),387500
17143169,Western Digital WD Blue SA510 M.2 SATA (500GB),204000
98184014,Western Digital WD Blue SA510 M.2 SATA 중고 (250GB),180000
98184008,Western Digital WD Blue SA510 M.2 SATA 중고 (500GB),159000
68438033,Western Digital WD Blue SA510 M.2 SATA 해외구매 (1TB),400000
89862302,Western Digital WD Blue SA510 M.2 SATA 해외구매 (250GB),198000
30294929,Western Digital WD Blue SA510 M.2 SATA 해외구매 (2TB),960000
90435404,Western Digital WD Blue SA510 M.2 SATA 해외구매 (500GB),270000
98183996,Western Digital WD Blue SA510 중고 (500GB),179900
74055824,Western Digital WD Blue SA510 해외구매 (1TB),187440
59763380,Western Digital WD Blue SA510 해외구매 (2TB),187440
61421927,Western Digital WD Blue SA510 해외구매 (4TB),145260
74055227,Western Digital WD Blue SA510 해외구매 (500GB),257990
62176211,Western Digital WD Blue SN5000 M.2 NVMe (1TB),292640
62176193,Western Digital WD Blue SN5000 M.2 NVMe (2TB),545000
62176130,Western Digital WD Blue SN5000 M.2 NVMe (4TB),858250
62176226,Western Digital WD Blue SN5000 M.2 NVMe (500GB),223460
98484449,Western Digital WD Blue SN5000 M.2 NVMe 중고 (500GB),1096440
60235493,Western Digital WD Blue SN5000 M.2 NVMe 해외구매 (1TB),462000
61729067,Western Digital WD Blue SN5000 M.2 NVMe 해외구매 (4TB),862000
61728101,Western Digital WD Blue SN5000 M.2 NVMe 해외구매 (500GB),239110
96853946,Western Digital WD Blue SN5100 M.2 NVMe (1TB),297920
96853958,Western Digital WD Blue SN5100 M.2 NVMe (2TB),444510
99746318,Western Digital WD Blue SN5100 M.2 NVMe (4TB),879000
96853913,Western Digital WD Blue SN5100 M.2 NVMe (500GB),212930
106767344,Western Digital WD Blue SN5100 M.2 NVMe 병행수입 (500GB),195920
96854129,Western Digital WD Blue SN5100 M.2 NVMe 해외구매 (1TB),206910
96854213,Western Digital WD Blue SN5100 M.2 NVMe 해외구매 (2TB),459080
98768141,Western Digital WD Blue SN5100 M.2 NVMe 해외구매 (4TB),805000
96854075,Western Digital WD Blue SN5100 M.2 NVMe 해외구매 (500GB),193800
10120467,Western Digital WD Blue SN550 M.2 NVMe (1TB),299900
10120377,Western Digital WD Blue SN550 M.2 NVMe (250GB),130000
12659966,Western Digital WD Blue SN550 M.2 NVMe (2TB),600000
10888989,Western Digital WD Blue SN550 M.2 NVMe 해외구매 (1TB),445900
10888968,Western Digital WD Blue SN550 M.2 NVMe 해외구매 (250GB),106730
14830715,Western Digital WD Blue SN550 M.2 NVMe 해외구매 (2TB),600000
10888983,Western Digital WD Blue SN550 M.2 NVMe 해외구매 (500GB),297000
16706222,Western Digital WD Blue SN570 M.2 NVMe 해외구매 (1TB),429430
6627592,Western Digital WD GREEN M.2 SATA (480GB),340000
7277257,Western Digital WD GREEN SSD (1TB),269810
4593708,Western Digital WD GREEN SSD (240GB),727440
95000072,Western Digital WD GREEN SSD (250GB),142540
95000048,Western Digital WD GREEN SSD (2TB),448890
6446362,Western Digital WD GREEN SSD (480GB),174760
95000096,Western Digital WD GREEN SSD (500GB),143130
7169662,Western Digital WD GREEN SSD 중고 (120GB),19990
97308587,Western Digital WD GREEN SSD 중고 (240GB),41490
98918636,Western Digital WD GREEN SSD 중고 (250GB),47880
8887016,Western Digital WD GREEN SSD 해외구매 (1TB),243150
8886926,Western Digital WD GREEN SSD 해외구매 (240GB),210330
8886968,Western Digital WD GREEN SSD 해외구매 (480GB),122400
101186015,Western Digital WD Green SN3000 M.2 NVMe (1TB),256990
101186033,Western Digital WD Green SN3000 M.2 NVMe (2TB),381040
73328813,Western Digital WD Green SN3000 M.2 NVMe 해외구매 (1TB),257300
73328795,Western Digital WD Green SN3000 M.2 NVMe 해외구매 (2TB),448190
15712613,Western Digital WD Green SN350 M.2 NVMe (1TB),252980
20020157,Western Digital WD Green SN350 M.2 NVMe (250GB),109000
15712556,Western Digital WD Green SN350 M.2 NVMe (2TB),524610
20020220,Western Digital WD Green SN350 M.2 NVMe (500GB),178000
73328651,Western Digital WD Green SN350 M.2 NVMe 해외구매 (500GB),349000
9891306,Western Digital WD RED SA500 SSD (1TB),500000
9891327,Western Digital WD RED SA500 SSD (2TB),1000000
9891273,Western Digital WD RED SA500 SSD (500GB),290000
14950256,Western Digital WD RED SA500 SSD 해외구매 (4TB),2094040
58030037,Western Digital WD RED SN700 M.2 NVMe (1TB),409990
79000193,Western Digital WD RED SN700 M.2 NVMe (2TB),544040
79000271,Western Digital WD RED SN700 M.2 NVMe (4TB),881330
17842835,Western Digital WD RED SN700 M.2 NVMe 해외구매 (1TB),349570
106721405,Western Digital WD SN5000S M.2 NVMe 벌크 (1TB),294000
97408457,Western Digital WD SN5000S M.2 NVMe 벌크 (512GB),166000
10640799,Western Digital WD SN520 M.2 NVMe 벌크 (256GB),93000
16291796,Western Digital WD SN530 M.2 2242 NVMe 벌크 (256GB),115200
14968946,Western Digital WD SN530 M.2 NVMe 벌크 (256GB),78000
9724140,Western Digital WD SN720 M.2 NVMe 중고 (256GB),66000
11992373,Western Digital WD SN730 M.2 NVMe 벌크 (256GB),130000
122652218,Western Digital WD SN730 M.2 NVMe 중고 (512GB),175770
30121538,Western Digital WD SN740 M.2 2242 NVMe 벌크 (512GB),185900
20222969,Western Digital WD SN740 M.2 NVMe 벌크 (256GB),78000
28394468,Western Digital WD SN740 M.2 NVMe 벌크 (512GB),274990
19725239,Western Digital WD SN810 M.2 NVMe 벌크 (512GB),178500
122687478,YMTC ZHITAI TiPlus7100s M.2 NVMe (1TB),278620
122687473,YMTC ZHITAI TiPlus7100s M.2 NVMe (2TB),516910
122687457,YMTC ZHITAI TiPlus7100s M.2 NVMe (4TB),966080
122687590,YMTC ZHITAI TiPlus9100 M.2 NVMe (1TB),308200
122687585,YMTC ZHITAI TiPlus9100 M.2 NVMe (2TB),519040
122687578,YMTC ZHITAI TiPlus9100 M.2 NVMe (4TB),1098790
122687631,YMTC ZHITAI TiPro9000 M.2 NVMe (1TB),379520
122687622,YMTC ZHITAI TiPro9000 M.2 NVMe (2TB),631860
122687608,YMTC ZHITAI TiPro9000 M.2 NVMe (4TB),1199250
122713426,YMTC ZHITAI XIAOYI S001 (1TB),280000
122713425,YMTC ZHITAI XIAOYI S001 (2TB),480000
13359707,ZOMY S-103 M.2 to SATA 컨버터,6180
54963989,mSATA to SATA 컨버터,16350
3546574,강원전자 I-NC10K 다용도 알루미늄 하드디스크 보관함,41000
3705935,강원전자 NETmate M.2 SSD to SATA 컨버터 (NM-NGB2),10570
3328332,강원전자 NETmate Mini SATA SSD 하이브리드 디스크 PCI Express 카드 (NM-SSP1),5670
4311656,강원전자 NETmate NMU-ST370 SATA3 to Type C 변환 컨버터,14850
3641708,강원전자 NETmate SATA 컨버터 (NM-NGB1),8690
8535602,강원전자 NETmate USB 3.0 to SATA3 컨버터 (NM-KP01C),21000
2897541,강원전자 ineo I-NC05 (HDD보관함),4680
2638370,강원전자 ineo I-NC10 알루미늄 하드디스크 보관함 (3.5 10Bay),62320
2638398,강원전자 ineo I-NC23 알루미늄 하드디스크 보관함 (2.5 3Bay + 3.5 6Bay),47190
2621608,강원전자 ineo I-NC25 알루미늄 하드디스크 보관함 (2.5 16Bay),84600
35225171,강원전자 넷메이트 M.2 NVMe to PCIe 카드 (NM-SRBM2),8190
35235179,강원전자 넷메이트 M.2 NVMe to PCIe 카드 (NM-SRM2),5800
4826462,동현아이 T-SONIC USB 3.0 to SATA3 어댑터 (DH-J300),9250
10085025,디오테라 ROIPLE DOVE SSD (128GB),42480
12039551,디오테라 ROIPLE DOVE SSD (1TB),264940
10085043,디오테라 ROIPLE DOVE SSD (256GB),68000
11006499,디오테라 ROIPLE DOVE SSD (512GB),138830
122640999,디오테라 ROIPLE QRAY M.2 NVMe (512GB),166210
11355969,디오테라 ROIPLE Ray M.2 NVMe (1TB),274580
11355939,디오테라 ROIPLE Ray M.2 NVMe (256GB),94700
11355945,디오테라 ROIPLE Ray M.2 NVMe (512GB),144170
5592173,디오테라 VIVA 300S LITE M.2 SATA (128GB),59000
6377421,디오테라 VIVA 300S LITE M.2 SATA (1TB),208060
5592148,디오테라 VIVA 300S LITE M.2 SATA (256GB),86010
5751499,디오테라 VIVA 300S LITE M.2 SATA (512GB),143690
5592235,디오테라 VIVA 300S LITE mSATA (128GB),69700
2923105,디지탈그리고나 e-STAR 3.5 변환 SSD 가이드,1060
2757393,디지탈그리고나 e-STAR ES-SE221,16950
4860510,디지탈그리고나 e-STAR Elite S91 (128GB),31610
3280534,디지탈그리고나 e-STAR Half Slim SSD i1000 (32GB),67780
3280541,디지탈그리고나 e-STAR Half Slim SSD i1000 (64GB),61520
5870319,디지탈그리고나 e-STAR N81GF10 벌크 (128GB),62700
5870316,디지탈그리고나 e-STAR N81GF10 벌크 (64GB),55000
3053272,디지탈그리고나 e-STAR SSD Series S9 (64GB),43200
39253685,디직스 2.5형 HDD 방진패드 (DHC-25),2440
4739213,라이트컴 COMS 2.5 IDE to 1.8 ZIF SSD 컨버터 (A3552),3050
8036224,라이트컴 COMS 2.5 to 3.5 철제 하드 가이드 (BT307),2300
5937854,라이트컴 COMS 2.5 to 3.5 철제 하드 가이드 (ND747),1100
3969257,라이트컴 COMS 2포트 M.2 to SATA 컨버터 (KS974),10200
1649125,라이트컴 COMS 3.5인치 HDD 케이스,2120
2617307,라이트컴 COMS 3.5인치 하드디스크 방진패드,5700
8776322,라이트컴 COMS 3.5형 HDD 케이스 (BB187),4600
39089555,라이트컴 COMS 3.5형 HDD 케이스 (KS834),6160
2621045,라이트컴 COMS 3.5형 폴더접이식 HDD 케이스,3270
48395078,라이트컴 COMS A3262 3.5 to 5.25 가이드,1370
3369148,라이트컴 COMS A3263 HDD 가이드,1380
3369123,라이트컴 COMS A3638 HDD 가이드,1380
3323391,라이트컴 COMS A3700 3.5 - 5.25인치 철재 하드 가이드,2320
1649117,라이트컴 COMS A3992 하드케이스,1700
1649110,라이트컴 COMS A3993 하드케이스,1700
79116782,라이트컴 COMS BF468 M.2 to SATA 컨버터,4060
79551269,라이트컴 COMS BF469 mSATA + M.2 to SATA3 컨버터,6070
13549109,라이트컴 COMS BT254 M.2 NVMe to PCIe 컨버터,10180
3969559,라이트컴 COMS Dual M.2 to SATA kit (KS975),9110
99320654,라이트컴 COMS HA032 M.2 NVMe to PCIe 카드,5800
99320630,라이트컴 COMS HA033 M.2 NVMe to PCIe 카드,5820
3313540,라이트컴 COMS HB816 2.5-3.5 철재 하드 가이드,2690
3335203,라이트컴 COMS HB817 2.5-3.5 철재 하드 가이드,2700
3307743,라이트컴 COMS HB886 2.5 하드 가이드 플라스틱 (PCIe 슬롯 타입),7770
3274309,라이트컴 COMS HB887 철재 하드 가이드,5000
3307383,라이트컴 COMS HB888 2.5-3.5 하드 가이드 플라스틱 (핸드 그립),1900
8532548,라이트컴 COMS HDD용 USB 3.0 컨버터 (SP086),18300
4197744,라이트컴 COMS IB398 M.2 to Macbook 2012 SSD 컨버터,9050
13539221,라이트컴 COMS IF330 M.2 NVMe to PCIe 컨버터,6500
13549283,라이트컴 COMS IF332 M.2 NVMe to PCIe 컨버터,20200
13076513,라이트컴 COMS IF570 M.2 NVMe to PCIe 어댑터,9030
13391717,라이트컴 COMS IF571 M.2 to SATA3 컨버터,12990
13724951,라이트컴 COMS IF572 M.2 NVMe to PCIe 컨버터,6930
13475366,라이트컴 COMS IF679 맥북 프로 A1708용 M.2 2242 어댑터,16990
13187417,라이트컴 COMS IF795 mSATA/M.2 to PCIe 컨버터,19350
13187813,라이트컴 COMS IF796 M.2 NVMe to PCIe 컨버터,6500
98409926,라이트컴 COMS IF863 M.2 NVMe to PCIe 변환 컨버터,8410
14935700,라이트컴 COMS IF864 M.2 NVMe to PCIe 컨버터,14160
95525567,라이트컴 COMS IH081 M.2 to PCIe 컨버터,6040
100192538,라이트컴 COMS IH083 M.2 to PCIe 3.0 4x 변환 어댑터,6980
100192646,라이트컴 COMS IH195 M.2 to PCIe 4x 컨버터,12220
27884633,라이트컴 COMS IH285 M.2 to SATA 컨버터,16000
27884375,라이트컴 COMS IH371 M.2 to SATA 컨버터,21810
100326611,라이트컴 COMS IH404 U.2 to PCIe 변환 어댑터,23250
58849745,라이트컴 COMS IH545 M.2 to SATA 컨버터,7100
90438422,라이트컴 COMS IH577 mini PCI to M.2 변환 컨버터,4990
54817238,라이트컴 COMS IH620 M.2 NVMe to U.2 변환 어댑터,25290
58665764,라이트컴 COMS IH732 mSATA/M.2 to SATA 어댑터,12000
81037559,라이트컴 COMS IH791 mSATA to M.2 컨버터,6800
79850810,라이트컴 COMS IH792 M.2 NVMe 연장 어댑터,6940
93319112,라이트컴 COMS IH794 2230 to 2280 컨버터,5610
79858334,라이트컴 COMS IH795 2230 to 2280 변환 어댑터,9760
96712097,라이트컴 COMS IH796 M.2 NGFF A+E 2230 to PCIe 변환 어댑터,21930
98229983,라이트컴 COMS IH797 M.2 NGFF B Key SSD 확장 어댑터,12290
81037601,라이트컴 COMS IH839 2230 to 2280 변환 어댑터,6370
81037634,라이트컴 COMS IH840 2230 to 2280 변환 어댑터,6370
29983502,라이트컴 COMS IP863 M.2 NVMe to PCIe 컨버터,7710
3288463,라이트컴 COMS ITA331 SATA 하드 가이드,3400
3567394,라이트컴 COMS ITA516 케이스형 SATA 컨버터,11810
95847257,라이트컴 COMS JA023 USB C to SATA 컨버터,9500
98769005,라이트컴 COMS JA024 USB 3.0 컨버터,8750
9725664,라이트컴 COMS JT378 충격방지 하드케이스,10790
13710416,라이트컴 COMS KS164 TF to SATA 변환 컨버터,22320
13392050,라이트컴 COMS KS166 M.2 to SATA3 컨버터,5210
14128196,라이트컴 COMS KS167 M.2 to SATA 컨버터,5210
98768900,라이트컴 COMS KS467 USB 3.0 컨버터,10630
79858451,라이트컴 COMS KS468 Type C 컨버터,17000
90437882,라이트컴 COMS KS511 M.2 to SATA 컨버터,7990
28402889,라이트컴 COMS KS810 하드 보관함,84300
3934291,라이트컴 COMS KS976 하드 가이드,3370
14711621,라이트컴 COMS KS977 2.5 to 3.5 듀얼 가이드,3830
3934340,라이트컴 COMS KS978 하드 철재 가이드,3910
3941730,라이트컴 COMS KS984 HDD 케이스,4750
4318522,라이트컴 COMS KS985 알루미늄 하드 보관함,45200
3996787,라이트컴 COMS KS986 HDD 보관함,36270
76332383,라이트컴 COMS M.2 NGFF A+E to M 어댑터 (IH793),11160
8050171,라이트컴 COMS M.2 SSD to PCIe 변환 어댑터 (ND522),12660
8042194,라이트컴 COMS M.2 SSD to PCIe 변환 어댑터 (ND536),8360
8042731,라이트컴 COMS M.2 SSD to PCIe 변환 어댑터 (ND562),11150
3368832,라이트컴 COMS M.2 SSD to SATA 컨버터 (ES345),31530
76332239,라이트컴 COMS M.2 to IDE 컨버터 (TB044),13950
4739485,라이트컴 COMS M.2 to PCIe 컨버터 (KS509),11450
4730784,라이트컴 COMS M.2 to PCIe 컨버터 (KS510),7720
4869534,라이트컴 COMS M.2 to SATA PCIe카드 (IB955),17850
3969575,라이트컴 COMS M.2 to SATA kit (KS966),7850
3912415,라이트컴 COMS M.2 to SATA 변환 카드 (ITB170),10410
8785688,라이트컴 COMS M.2 to SATA 컨버터 (BT466),16500
8787320,라이트컴 COMS M.2 to SATA 컨버터 (BT468),9850
4739397,라이트컴 COMS M.2 to SATA 컨버터 (HB680),11130
4702536,라이트컴 COMS M.2 to SATA 컨버터 (KS512),10710
4672752,라이트컴 COMS M.2 to SATA 컨버터 (KS514),11560
3948200,라이트컴 COMS M.2 to SATA 컨버터 (KS965),9760
8787626,라이트컴 COMS M.2 to SATA 컨버터 (ND540),14900
3611982,라이트컴 COMS M.2 to SATA 케이스형 컨버터 (ITB748),12280
3612004,라이트컴 COMS M.2 to SATA 케이스형 컨버터 (ITB749),10800
4198561,라이트컴 COMS Macbook Air SSD to M.2 컨버터 (IB399),10700
3912489,라이트컴 COMS Macbook Air SSD to SATA 변환 카드 (ITB171),12240
3558656,라이트컴 COMS Macbook Air SSD to SATA 컨버터 (ITB756),11440
3501645,라이트컴 COMS Mini PCIe mSATA 컨버터 (ITA006),5310
72347279,라이트컴 COMS NA035 2.5인치 HDD 케이스,1780
13376363,라이트컴 COMS NB826 2.5 HDD 케이스,1730
4661305,라이트컴 COMS PCB 타입 SATA to mSATA 변환 컨버터 (KS508),2790
13077605,라이트컴 COMS PCI슬롯형 2.5&3.5 철재 하드 가이드,13950
3567580,라이트컴 COMS SATA to IDE 컨버터 (A4135),7400
5177601,라이트컴 COMS SATA to M.2 컨버터 (KS507),2080
3589677,라이트컴 COMS SATA to USB 컨버터 (ITA359),6900
3436960,라이트컴 COMS SATA 컨버터 (BS764),9480
3571233,라이트컴 COMS SATA 컨버터 (IT707),11890
3571225,라이트컴 COMS SATA 컨버터 (IT708),11150
3570996,라이트컴 COMS SATA 컨버터 (IT709),13900
3501763,라이트컴 COMS SATA 컨버터 (IT710),11500
3501734,라이트컴 COMS SATA 컨버터 (IT711),11900
3551731,라이트컴 COMS SATA 컨버터 (ITA517),16190
3567761,라이트컴 COMS SATA 컨버터 (ITB750),4230
3567447,라이트컴 COMS SATA 컨버터 (ITB751),5900
3567793,라이트컴 COMS SATA 컨버터 (ITB752),6500
3567435,라이트컴 COMS SATA 컨버터 (ITB753),5920
3567130,라이트컴 COMS SATA 컨버터 (ITB754),6940
3567698,라이트컴 COMS SATA 컨버터 (ITB755),4230
2512421,라이트컴 COMS SP711 2.5-3.5 하드 가이드 그립장착,2040
3368893,라이트컴 COMS SSD 변환용 SATA 컨버터 (IT983),16100
12353690,라이트컴 COMS SW077 M.2 SSD to PCIe 변환 어댑터,5110
13939745,라이트컴 COMS SW078 M.2 to PCIe 컨버터,9130
12354065,라이트컴 COMS SW229 M.2 SSD to PCIe 변환 어댑터,8400
14127800,라이트컴 COMS SW230 U.2 to PCIe 변환 어댑터,29500
28330538,라이트컴 COMS SW517 U.2 to PCIe 변환 어댑터,33000
95990159,라이트컴 COMS SW519 M.2 to SATA 컨버터,8000
96056099,라이트컴 COMS SW520 M.2 to SATA 컨버터,7990
28403426,라이트컴 COMS SW521 M.2 to SATA 컨버터,8000
28515230,라이트컴 COMS SW522 M.2 SSD to PCIe 변환 어댑터,6040
99742928,라이트컴 COMS SW545 M.2 NVMe to PCIe 변환 컨버터,13790
93319232,라이트컴 COMS SW570 M.2 NVMe to PCIe 컨버터,9750
19729874,라이트컴 COMS SW571 M.2 NVMe to PCIe 컨버터,4980
95847254,라이트컴 COMS SW751 M.2 to PCIe 4x 컨버터,7300
99129386,라이트컴 COMS TB447 SATA 변환 컨버터,9900
99126485,라이트컴 COMS TB448 M.2 NVMe to PCIe 변환 컨버터,7110
54327554,라이트컴 COMS TB723 M.2 SSD to PCIe 컨버터,7300
40721150,라이트컴 COMS TB724 M.2 NVMe to PCIe 컨버터,7210
40720937,라이트컴 COMS TB725 M.2 NVMe TO PCIe 컨버터,7310
93444554,라이트컴 COMS TB734 컨버터,11160
103482125,라이트컴 COMS TB830 M.2 NVme to Mini PCIe 컨버터,7650
89528996,라이트컴 COMS TB832 M.2 NVMe to PCIe 컨버터,8090
97848167,라이트컴 COMS Type A/C to SATA 컨버터 (FW627),10470
3450969,라이트컴 COMS Type C to SATA3 컨버터 (ITB454),13390
5795579,라이트컴 COMS USB 3.0 Type C to SATA3 컨버터 (DM445),11140
3599023,라이트컴 COMS USB 3.0 to SATA 컨버터 (BE490),11020
102620810,라이트컴 COMS USB 3.0 to SATA+IDE 컨버터 (BF497),29220
10889313,라이트컴 COMS USB Type C to SATA3 케이블 (CT840),17660
5233958,라이트컴 COMS USB3.0 Type A to SATA 컨버터 (IB359),15800
9726189,라이트컴 COMS USB3.0 케이블 일체형 컨버터 (BT365),11740
3495907,라이트컴 COMS eSATA to SATA 컨버터 (ITA355),6450
3517411,라이트컴 COMS eSATA용 SATA 컨버터 (SP953),8250
3905929,라이트컴 COMS mSATA + M.2 to SATA 변환 카드 (ITB169),22900
5300800,라이트컴 COMS mSATA + M.2 to SATA3 변환카드 (IB956),13580
3332044,라이트컴 COMS mSATA to 2.5 IDE 컨버터 (IT712),16000
3269758,라이트컴 COMS mSATA to 2.5 SATA 컨버터 (BE574),13020
4197736,라이트컴 COMS mSATA to Macbook 2012 SSD 컨버터 (IB397),6920
3658253,라이트컴 COMS mSATA to Micro SATA 컨버터 (IT706),15000
8788112,라이트컴 COMS mSATA to SATA 컨버터 (BT465),17000
4739353,라이트컴 COMS mSATA to SATA 컨버터 (HB679),10410
3448090,라이트컴 COMS mSATA to SATA 컨버터 (ITA518),24390
8793296,라이트컴 COMS mSATA to SATA 컨버터 (KS170),8620
4702557,라이트컴 COMS mSATA to SATA 컨버터 (KS513),12800
3948219,라이트컴 COMS mSATA to SATA 컨버터 (KS967),6560
3955016,라이트컴 COMS mSATA to SATA 컨버터 (KS968),6900
3969479,라이트컴 COMS mSATA to SATA 컨버터 (KS969),8900
8787884,라이트컴 COMS mSATA to SATA 컨버터 (NB558),13230
3501709,라이트컴 COMS mSATA to SATA 컨버터 1/2 사이즈 (IT713),11150
3969281,라이트컴 COMS mSATA to SATA 컨버터 2포트 (KS972),8470
3368996,라이트컴 COMS mSATA to SATA 컨버터 케이스 타입 (IT705),24510
3599980,라이트컴 COMS mSATA to SATA 케이스형 컨버터 (ITB746),14000
3600031,라이트컴 COMS mSATA to SATA 케이스형 컨버터 (ITB747),12380
8789678,라이트컴 COMS mSATA/M.2 to SATA 컨버터 (BT467),22250
3969449,라이트컴 COMS 듀얼 mSATA to SATA kit (KS973),8640
121765328,라이트컴 Coms G3527,2220
110800730,"라이트컴 Coms SATA 컨버터(Dual M.2 to SATA), 2포트 PC브라켓 타입",11560
116751565,라이트컴 Coms SATA 컨버터(IDE 2.5 HDD용),26181
3960949,라이트컴 KS977 철재 하드가이드 2.5/3.5,4139
3960918,라이트컴 KS982 철재 하드가이드 2.5,3690
16800110,라인업시스템 LANSTAR LS-PCIE-RAID 2.5 SATA 2포트 to PCIe 카드,59950
29809250,라인업시스템 LANSTAR M.2 NVMe to PCIe 카드 (LS-PCIE-M2SSD),4930
11799478,라인업시스템 LANSTAR M.2 SSD to PCIe 카드 (LS-PCIE-M2SATAN),7600
9727089,라인업시스템 LANSTAR USB3.0 to SATA 컨버터 (LS-USB3.0-SATA),8930
5615337,라인업시스템 LANSTAR mSATA to PCIe 카드 (LS-PCIE-MSATA),4380
14623025,래안텍 R4MTP M.2 to PCIe 컨버터,32000
28393946,리더샵 NEEDS M.2 NVMe to PCIe 변환 어댑터 (NDS-PCIE-M2NVME),4790
12573560,리버네트워크 NEXI NX-U30SC USB 3.0 to SATA3 컨버터,14990
15880709,리버네트워크 NEXI NX1246 M.2 NVMe to PCIe 확장 카드,3570
15880778,리버네트워크 NEXI NX1247 M.2 NVMe to PCIe 확장 카드,5650
5840929,리버네트워크 NEXI USB 3.0 to IDE+SATA3 컨버터 (NX-U3TIS),21490
16899911,마이크로닉스 WARP B2 (128GB),37450
16899899,마이크로닉스 WARP B2 (256GB),61910
16899878,마이크로닉스 WARP B2 (512GB),103300
123742468,마이크론 1300 SSD 중고 (1TB),139500
124199318,마이크론 2210 M.2 NVMe 중고 (512GB),
18953177,마이크론 2400 M.2 NVMe 벌크 (512GB),150000
19960094,마이크론 2450 M.2 2242 NVMe 벌크 (256GB),480000
19725077,마이크론 2450 M.2 NVMe 벌크 (256GB),78000
102123836,마이크론 2500 M.2 NVMe 벌크 (1TB),297590
100844144,마이크론 2500 M.2 NVMe 벌크 (512GB),155000
124259590,마이크론 2650 M.2 NVMe 벌크 (256GB),112990
124259559,마이크론 2650 M.2 NVMe 벌크 (512GB),154660
17021516,마이크론 3400 M.2 NVMe 벌크 (512GB),170000
92966705,마이크론 3500 M.2 NVMe 벌크 (512GB),230990
11103009,마이크론 Crucial BX500 대원씨티에스 (1TB),441000
6429569,마이크론 Crucial BX500 대원씨티에스 (240GB),87070
10583226,마이크론 Crucial BX500 아스크텍 (1TB),338890
6453805,마이크론 Crucial BX500 아스크텍 (240GB),245000
11056662,마이크론 Crucial BX500 아스크텍 (2TB),460000
17619734,마이크론 Crucial BX500 아스크텍 (500GB),234990
8376225,마이크론 Crucial BX500 해외구매 (240GB),95500
96366221,마이크론 Crucial E100 M.2 NVMe 대원씨티에스 (1TB),289980
96366248,마이크론 Crucial E100 M.2 NVMe 대원씨티에스 (2TB),386520
96366197,마이크론 Crucial E100 M.2 NVMe 대원씨티에스 (480GB),199000
124180364,마이크론 Crucial E100 M.2 NVMe 병행수입 (1TB),259190
96423551,마이크론 Crucial E100 M.2 NVMe 아스크텍 (1TB),278490
96423518,마이크론 Crucial E100 M.2 NVMe 아스크텍 (2TB),410990
122930652,마이크론 Crucial E100 M.2 NVMe 중고 (1TB),278490
122930653,마이크론 Crucial E100 M.2 NVMe 중고 (2TB),423680
76872116,마이크론 Crucial E100 M.2 NVMe 해외구매 (480GB),184600
108213959,마이크론 Crucial MX200 중고 (1TB),179000
103335146,마이크론 Crucial MX300 중고 (525GB),81370
4673548,마이크론 Crucial MX300 해외구매 (1TB),412900
109596254,마이크론 Crucial MX500 M.2 SATA 중고 (500GB),189890
99290324,마이크론 Crucial MX500 중고 (1TB),145350
100697684,마이크론 Crucial MX500 중고 (250GB),46500
99290219,마이크론 Crucial MX500 중고 (2TB),299000
106758431,마이크론 Crucial MX500 중고 (4TB),595000
103691108,마이크론 Crucial MX500 중고 (500GB),87230
17454743,마이크론 Crucial P3 Plus M.2 NVMe 대원씨티에스 (4TB),1000000
98184149,마이크론 Crucial P3 Plus M.2 NVMe 중고 (1TB),295000
106036157,마이크론 Crucial P3 Plus M.2 NVMe 중고 (4TB),734000
67852961,마이크론 Crucial P310 M.2 NVMe 대원씨티에스 (1TB),296790
67852964,마이크론 Crucial P310 M.2 NVMe 대원씨티에스 (500GB),223200
67852853,마이크론 Crucial P310 M.2 NVMe 아스크텍 (1TB),288990
67852850,마이크론 Crucial P310 M.2 NVMe 아스크텍 (2TB),662730
91114985,마이크론 Crucial P310 M.2 NVMe 아스크텍 (4TB),895960
67852859,마이크론 Crucial P310 M.2 NVMe 아스크텍 (500GB),242370
98918675,마이크론 Crucial P310 M.2 NVMe 중고 (1TB),409574
98918669,마이크론 Crucial P310 M.2 NVMe 중고 (2TB),1380000
98782151,마이크론 Crucial P310 M.2 NVMe 중고 (500GB),440000
68244089,마이크론 Crucial P310 M.2 NVMe 해외구매 (1TB),294100
68244071,마이크론 Crucial P310 M.2 NVMe 해외구매 (500GB),301010
15056408,마이크론 Crucial P5 Plus M.2 NVMe 해외구매 (2TB),779890
91494878,마이크론 Crucial P510 M.2 NVMe 대원씨티에스 (2TB),517000
91039226,마이크론 Crucial P510 M.2 NVMe 아스크텍 (1TB),321600
91039202,마이크론 Crucial P510 M.2 NVMe 아스크텍 (2TB),527990
100326278,마이크론 Crucial P510 M.2 NVMe 중고 (2TB),750000
29666111,마이크론 Crucial T500 M.2 NVMe 대원씨티에스 (1TB),399880
29666195,마이크론 Crucial T500 M.2 NVMe 대원씨티에스 (2TB),632430
29666252,마이크론 Crucial T500 M.2 NVMe 대원씨티에스 (500GB),303650
123799286,마이크론 Crucial T500 M.2 NVMe 병행수입 (1TB),376640
29655656,마이크론 Crucial T500 M.2 NVMe 아스크텍 (1TB),406600
29655617,마이크론 Crucial T500 M.2 NVMe 아스크텍 (2TB),635400
67372967,마이크론 Crucial T500 M.2 NVMe 아스크텍 (4TB),917040
29655680,마이크론 Crucial T500 M.2 NVMe 아스크텍 (500GB),317700
98184182,마이크론 Crucial T500 M.2 NVMe 중고 (1TB),313000
100326254,마이크론 Crucial T500 M.2 NVMe 중고 (2TB),560000
98184164,마이크론 Crucial T500 M.2 NVMe 중고 (500GB),180000
41264234,마이크론 Crucial T705 M.2 NVMe 대원씨티에스 (1TB),440000
41264225,마이크론 Crucial T705 M.2 NVMe 대원씨티에스 (4TB),1204000
40722668,마이크론 Crucial T705 M.2 NVMe 해외구매 (1TB),613550
71427998,마이크론 Crucial T705 히트싱크 화이트 에디션 M.2 NVMe 대원씨티에스 (2TB),687390
93499589,마이크론 Crucial T710 M.2 NVMe 대원씨티에스 (2TB),785000
93442589,마이크론 Crucial T710 M.2 NVMe 아스크텍 (1TB),632640
98768276,마이크론 Crucial T710 히트싱크 M.2 NVMe 해외구매 (2TB),684260
2680556,마하링크 2.5 가이드 (ML-HG2535),430
14719850,버바팀 Vi550 S3 SSD 해외구매 (128GB),43970
1991160,베이스캠프 BC-G2535 SSD 가이드,1140
65357162,비즈텍 TREAVE VN200 M.2 NVMe (1TB),235930
65357183,비즈텍 TREAVE VN200 M.2 NVMe (512GB),126920
103481201,비즈텍 TREAVE VN200Q M.2 NVMe (1TB),223110
100325369,비즈텍 TREAVE VN200Q M.2 NVMe (256GB),72500
100325363,비즈텍 TREAVE VN200Q M.2 NVMe (512GB),117000
72912572,비즈텍 TREAVE VN250D M.2 NVMe (1TB),248530
65357129,비즈텍 TREAVE VN300 M.2 NVMe (1TB),245060
65357132,비즈텍 TREAVE VN300 M.2 NVMe (512GB),145620
65356652,비즈텍 TREAVE VS200 (128GB),35940
65356601,비즈텍 TREAVE VS200 (1TB),194310
65356643,비즈텍 TREAVE VS200 (256GB),55040
65356619,비즈텍 TREAVE VS200 (512GB),101950
18332651,비트엠 Newsync BITS (128GB),41780
18328925,비트엠 Newsync BITS (1TB),208760
18332642,비트엠 Newsync BITS (256GB),67450
18332612,비트엠 Newsync BITS (512GB),116270
18332834,비트엠 Newsync BITS M.2 NVMe (1TB),240800
18332945,비트엠 Newsync BITS M.2 NVMe (256GB),81250
18332876,비트엠 Newsync BITS M.2 NVMe (512GB),136890
18962249,삼성전자 750 EVO 중고 (120GB),18600
11581559,삼성전자 750 EVO 중고 (250GB),68000
18962291,삼성전자 750 EVO 중고 (500GB),140000
4817264,삼성전자 830 Series 중고 (128GB),30000
4873413,삼성전자 830 Series 중고 (256GB),68000
3060306,삼성전자 840 EVO Series 중고 (120GB),23990
19629137,삼성전자 840 PRO Series 중고 (128GB),51000
4280209,삼성전자 840 Series 중고 (120GB),21000
18919073,삼성전자 850 EVO Series 중고 (120GB),23000
18919208,삼성전자 850 EVO Series 중고 (1TB),171000
11581652,삼성전자 850 EVO Series 중고 (250GB),56630
103453793,삼성전자 850 EVO Series 중고 (2TB),277000
18919160,삼성전자 850 EVO Series 중고 (500GB),110000
123670148,삼성전자 850 EVO mSATA 중고 (500GB),129160
3103068,삼성전자 850 EVO mSATA 해외구매 (120GB),76000
2783976,삼성전자 850 PRO 병행수입 (256GB),400000
103414373,삼성전자 850 PRO 중고 (128GB),36000
103414364,삼성전자 850 PRO 중고 (1TB),174370
103414391,삼성전자 850 PRO 중고 (256GB),58120
103694015,삼성전자 850 PRO 중고 (2TB),300000
106758209,삼성전자 850 PRO 중고 (512GB),130000
5834333,삼성전자 860 EVO M.2 SATA (1TB),492000
5834313,삼성전자 860 EVO M.2 SATA (250GB),230000
6088334,삼성전자 860 EVO M.2 SATA 병행수입 (1TB),510000
6088330,삼성전자 860 EVO M.2 SATA 병행수입 (500GB),350000
108216242,삼성전자 860 EVO M.2 SATA 중고 (500GB),176000
6088515,삼성전자 860 EVO M.2 SATA 해외구매 (500GB),360000
5834415,삼성전자 860 EVO mSATA (500GB),299000
18598769,삼성전자 860 EVO 중고 (1TB),186000
12049634,삼성전자 860 EVO 중고 (250GB),50000
102881504,삼성전자 860 EVO 중고 (2TB),276000
18917678,삼성전자 860 EVO 중고 (500GB),104620
6088530,삼성전자 860 EVO 해외구매 (500GB),217370
5834144,삼성전자 860 PRO (1TB),984550
5834142,삼성전자 860 PRO (256GB),781920
5834159,삼성전자 860 PRO (2TB),1890000
5834143,삼성전자 860 PRO (512GB),882930
6045087,삼성전자 860 PRO 병행수입 (1TB),1131370
5937310,삼성전자 860 PRO 병행수입 (256GB),766980
5937319,삼성전자 860 PRO 병행수입 (512GB),778000
103599896,삼성전자 860 PRO 중고 (1TB),197620
103599887,삼성전자 860 PRO 중고 (256GB),58120
103599890,삼성전자 860 PRO 중고 (512GB),116250
122711824,삼성전자 860 QVO 중고 (1TB),180000
13190573,삼성전자 870 EVO (1TB),422790
13190384,삼성전자 870 EVO (250GB),211700
13190630,삼성전자 870 EVO (2TB),1028030
13190711,삼성전자 870 EVO (4TB),1989640
13190519,삼성전자 870 EVO (500GB),308030
106736903,삼성전자 870 EVO (8TB),4510940
13311974,삼성전자 870 EVO 병행수입 (1TB),421250
13349057,삼성전자 870 EVO 병행수입 (250GB),207650
13417007,삼성전자 870 EVO 병행수입 (2TB),978270
13860719,삼성전자 870 EVO 병행수입 (4TB),1878920
13312010,삼성전자 870 EVO 병행수입 (500GB),293920
122692996,삼성전자 870 EVO 병행수입 (8TB),3494690
98085815,삼성전자 870 EVO 중고 (1TB),420000
98085782,삼성전자 870 EVO 중고 (250GB),88000
100269854,삼성전자 870 EVO 중고 (2TB),628000
102355313,삼성전자 870 EVO 중고 (4TB),850000
98590820,삼성전자 870 EVO 중고 (500GB),120000
13552388,삼성전자 870 EVO 해외구매 (1TB),598080
13552019,삼성전자 870 EVO 해외구매 (250GB),189000
13552874,삼성전자 870 EVO 해외구매 (2TB),760860
13552973,삼성전자 870 EVO 해외구매 (4TB),1840000
13552346,삼성전자 870 EVO 해외구매 (500GB),367220
12092096,삼성전자 870 QVO (1TB),394430
12092081,삼성전자 870 QVO (2TB),931910
12092057,삼성전자 870 QVO (4TB),1885000
11711015,삼성전자 870 QVO (8TB),2648540
13041338,삼성전자 870 QVO 병행수입 (1TB),491000
13057166,삼성전자 870 QVO 병행수입 (2TB),937000
13057157,삼성전자 870 QVO 병행수입 (4TB),1875000
13057169,삼성전자 870 QVO 병행수입 (8TB),2598990
98085854,삼성전자 870 QVO 중고 (1TB),200000
98918660,삼성전자 870 QVO 중고 (2TB),427000
97838735,삼성전자 870 QVO 중고 (4TB),1397000
106758191,삼성전자 870 QVO 중고 (8TB),880000
13082600,삼성전자 870 QVO 해외구매 (1TB),428690
78716702,삼성전자 9100 PRO M.2 NVMe (1TB),431960
78716720,삼성전자 9100 PRO M.2 NVMe (2TB),931650
78716759,삼성전자 9100 PRO M.2 NVMe (4TB),1621410
98228288,삼성전자 9100 PRO M.2 NVMe (8TB),3629790
103600319,삼성전자 9100 PRO M.2 NVMe 병행수입 (1TB),415320
93805877,삼성전자 9100 PRO M.2 NVMe 병행수입 (2TB),830210
93805880,삼성전자 9100 PRO M.2 NVMe 병행수입 (4TB),1645000
104988464,삼성전자 9100 PRO M.2 NVMe 병행수입 (8TB),3728000
123742401,삼성전자 9100 PRO M.2 NVMe 중고 (1TB),423000
123742402,삼성전자 9100 PRO M.2 NVMe 중고 (2TB),890000
79792412,삼성전자 9100 PRO M.2 NVMe 해외구매 (1TB),391920
78615518,삼성전자 9100 PRO M.2 NVMe 해외구매 (2TB),515020
79385432,삼성전자 9100 PRO M.2 NVMe 해외구매 (4TB),1456990
78716753,삼성전자 9100 PRO 히트싱크 M.2 NVMe (1TB),451480
78716747,삼성전자 9100 PRO 히트싱크 M.2 NVMe (2TB),910730
78716765,삼성전자 9100 PRO 히트싱크 M.2 NVMe (4TB),1994980
98230388,삼성전자 9100 PRO 히트싱크 M.2 NVMe (8TB),3689000
123962995,삼성전자 9100 PRO 히트싱크 M.2 NVMe 병행수입 (1TB),446520
106696151,삼성전자 9100 PRO 히트싱크 M.2 NVMe 병행수입 (4TB),1995000
81038969,삼성전자 9100 PRO 히트싱크 M.2 NVMe 해외구매 (1TB),519800
81038984,삼성전자 9100 PRO 히트싱크 M.2 NVMe 해외구매 (2TB),949000
81039005,삼성전자 9100 PRO 히트싱크 M.2 NVMe 해외구매 (4TB),1314000
18830261,삼성전자 960 EVO M.2 NVMe 중고 (250GB),69000
106758203,삼성전자 960 PRO M.2 NVMe 중고 (2TB),400000
6095758,삼성전자 970 EVO M.2 NVMe (1TB),1250000
6096638,삼성전자 970 EVO M.2 NVMe (250GB),170000
6095784,삼성전자 970 EVO M.2 NVMe (500GB),490000
6170639,삼성전자 970 EVO M.2 NVMe 병행수입 (250GB),190000
124021301,삼성전자 970 EVO M.2 NVMe 중고 (1TB),249000
18830189,삼성전자 970 EVO M.2 NVMe 중고 (250GB),69000
18830207,삼성전자 970 EVO M.2 NVMe 중고 (500GB),116000
6303951,삼성전자 970 EVO M.2 NVMe 해외구매 (500GB),490000
7136788,삼성전자 970 EVO Plus M.2 NVMe (1TB),409990
7136722,삼성전자 970 EVO Plus M.2 NVMe (250GB),160000
8034664,삼성전자 970 EVO Plus M.2 NVMe (2TB),585000
7238569,삼성전자 970 EVO Plus M.2 NVMe 병행수입 (1TB),410000
7238551,삼성전자 970 EVO Plus M.2 NVMe 병행수입 (250GB),120000
8153167,삼성전자 970 EVO Plus M.2 NVMe 병행수입 (2TB),537600
102760403,삼성전자 970 EVO Plus M.2 NVMe 중고 (1TB),256000
102760400,삼성전자 970 EVO Plus M.2 NVMe 중고 (250GB),72500
15997322,삼성전자 970 EVO Plus M.2 NVMe 중고 (2TB),408000
102760397,삼성전자 970 EVO Plus M.2 NVMe 중고 (500GB),126000
7533334,삼성전자 970 EVO Plus M.2 NVMe 해외구매 (1TB),395800
7533316,삼성전자 970 EVO Plus M.2 NVMe 해외구매 (250GB),306090
13069295,삼성전자 970 EVO Plus M.2 NVMe 해외구매 (2TB),595000
7533328,삼성전자 970 EVO Plus M.2 NVMe 해외구매 (500GB),365000
6096748,삼성전자 970 PRO M.2 NVMe (1TB),570000
6096738,삼성전자 970 PRO M.2 NVMe (512GB),350000
6170627,삼성전자 970 PRO M.2 NVMe 병행수입 (512GB),226000
103177244,삼성전자 970 PRO M.2 NVMe 중고 (512GB),150000
6303923,삼성전자 970 PRO M.2 NVMe 해외구매 (512GB),380000
13562714,삼성전자 980 M.2 NVMe (1TB),414160
13562645,삼성전자 980 M.2 NVMe (250GB),254990
13562693,삼성전자 980 M.2 NVMe (500GB),289000
27523145,삼성전자 980 M.2 NVMe 벌크 (1TB),467990
27523259,삼성전자 980 M.2 NVMe 벌크 (500GB),177900
13799357,삼성전자 980 M.2 NVMe 병행수입 (1TB),457990
13799327,삼성전자 980 M.2 NVMe 병행수입 (500GB),281000
99745277,삼성전자 980 M.2 NVMe 중고 (1TB),258900
98085740,삼성전자 980 M.2 NVMe 중고 (250GB),116990
98240765,삼성전자 980 M.2 NVMe 중고 (500GB),164550
12339347,삼성전자 980 PRO M.2 NVMe (1TB),468000
12338801,삼성전자 980 PRO M.2 NVMe (250GB),290000
13538642,삼성전자 980 PRO M.2 NVMe (2TB),695000
12338942,삼성전자 980 PRO M.2 NVMe (500GB),291000
12997217,삼성전자 980 PRO M.2 NVMe 병행수입 (1TB),468000
13377389,삼성전자 980 PRO M.2 NVMe 병행수입 (2TB),695000
12997292,삼성전자 980 PRO M.2 NVMe 병행수입 (500GB),281000
97839017,삼성전자 980 PRO M.2 NVMe 중고 (1TB),279000
102001181,삼성전자 980 PRO M.2 NVMe 중고 (2TB),390000
122663099,삼성전자 980 PRO M.2 NVMe 중고 (500GB),151120
13080803,삼성전자 980 PRO M.2 NVMe 해외구매 (1TB),569340
13080800,삼성전자 980 PRO M.2 NVMe 해외구매 (500GB),320000
15495944,삼성전자 980 PRO 히트싱크 M.2 NVMe (1TB),390000
16290596,삼성전자 980 PRO 히트싱크 M.2 NVMe (2TB),700000
69869543,삼성전자 990 EVO Plus M.2 NVMe (1TB),327590
69869573,삼성전자 990 EVO Plus M.2 NVMe (2TB),514980
69869606,삼성전자 990 EVO Plus M.2 NVMe (4TB),1022570
88207421,삼성전자 990 EVO Plus M.2 NVMe 벌크 (1TB),356280
92888363,삼성전자 990 EVO Plus M.2 NVMe 병행수입 (1TB),327990
76339598,삼성전자 990 EVO Plus M.2 NVMe 병행수입 (2TB),472480
76339616,삼성전자 990 EVO Plus M.2 NVMe 병행수입 (4TB),1048000
98782082,삼성전자 990 EVO Plus M.2 NVMe 중고 (1TB),318000
69657203,삼성전자 990 EVO Plus M.2 NVMe 해외구매 (1TB),367200
71062307,삼성전자 990 EVO Plus M.2 NVMe 해외구매 (2TB),541880
71506187,삼성전자 990 EVO Plus M.2 NVMe 해외구매 (4TB),1049000
123606360,삼성전자 990 M.2 NVMe (1TB),314520
123606381,삼성전자 990 M.2 NVMe (2TB),785590
124182969,삼성전자 990 M.2 NVMe 중고 (1TB),313870
18297002,삼성전자 990 PRO M.2 NVMe (1TB),394670
18297722,삼성전자 990 PRO M.2 NVMe (2TB),610130
28131875,삼성전자 990 PRO M.2 NVMe (4TB),1431700
18518807,삼성전자 990 PRO M.2 NVMe 병행수입 (1TB),369850
18518834,삼성전자 990 PRO M.2 NVMe 병행수입 (2TB),565580
41420363,삼성전자 990 PRO M.2 NVMe 병행수입 (4TB),1122410
102754388,삼성전자 990 PRO M.2 NVMe 중고 (1TB),355590
102754385,삼성전자 990 PRO M.2 NVMe 중고 (2TB),620000
123670043,삼성전자 990 PRO M.2 NVMe 중고 (4TB),1150000
18429662,삼성전자 990 PRO M.2 NVMe 해외구매 (1TB),376280
19616756,삼성전자 990 PRO M.2 NVMe 해외구매 (2TB),582450
28553285,삼성전자 990 PRO M.2 NVMe 해외구매 (4TB),1489990
20600144,삼성전자 990 PRO 히트싱크 M.2 NVMe (1TB),399640
20600147,삼성전자 990 PRO 히트싱크 M.2 NVMe (2TB),777020
30612962,삼성전자 990 PRO 히트싱크 M.2 NVMe (4TB),1820010
31986509,삼성전자 990 PRO 히트싱크 M.2 NVMe 병행수입 (1TB),446000
40895498,삼성전자 990 PRO 히트싱크 M.2 NVMe 병행수입 (2TB),782000
41827244,삼성전자 990 PRO 히트싱크 M.2 NVMe 병행수입 (4TB),1650000
122685547,삼성전자 990 PRO 히트싱크 M.2 NVMe 중고 (1TB),398660
122685548,삼성전자 990 PRO 히트싱크 M.2 NVMe 중고 (2TB),556570
103416365,삼성전자 990 PRO 히트싱크 M.2 NVMe 중고 (4TB),1299900
20539400,삼성전자 990 PRO 히트싱크 M.2 NVMe 해외구매 (1TB),449880
20539451,삼성전자 990 PRO 히트싱크 M.2 NVMe 해외구매 (2TB),731800
29913368,삼성전자 990 PRO 히트싱크 M.2 NVMe 해외구매 (4TB),1535040
122701897,삼성전자 BM9C1 M.2 2230 NVMe 벌크 (512GB),239000
106712972,삼성전자 BM9C1 M.2 NVMe 벌크 (1TB),259070
122701937,삼성전자 BM9H1 M.2 NVMe 벌크 (1TB),319000
122701920,삼성전자 BM9H1 M.2 NVMe 벌크 (512GB),179000
4872599,삼성전자 CM871a M.2 SATA 병행수입 (256GB),176980
5908572,삼성전자 M871a M.2 SATA 중고 (128GB),45000
8593442,삼성전자 PM1725A PCIe 병행수입 (3.2TB),2123030
106693691,삼성전자 PM1725A PCIe 중고 (1.6TB),1081090
106693688,삼성전자 PM1725A PCIe 중고 (3.2TB),2086300
12962654,삼성전자 PM1733 U.2 to M.2 NVMe 병행수입 (15.36TB),17990000
73563116,삼성전자 PM1735 PCIe 벌크 (1.6TB),1317600
103453781,삼성전자 PM1735 PCIe 중고 (1.6TB),1251720
103453784,삼성전자 PM1735 PCIe 중고 (3.2TB),3675450
103453787,삼성전자 PM1735 PCIe 중고 (6.4TB),2731160
2791348,삼성전자 PM851 M.2 SATA 병행수입 (128GB),42000
18599525,삼성전자 PM851 mSATA 중고 (256GB),81000
103691096,삼성전자 PM871 M.2 SATA 벌크 (512GB),160000
3611786,삼성전자 PM871 M.2 SATA 병행수입 (128GB),99000
4911078,삼성전자 PM871 M.2 SATA 중고 (128GB),44000
4911146,삼성전자 PM871 M.2 SATA 중고 (256GB),74870
4911177,삼성전자 PM871 M.2 SATA 중고 (512GB),203400
4911166,삼성전자 PM871 mSATA 중고 (256GB),76000
13487675,삼성전자 PM871b M.2 SATA 벌크 (128GB),74000
13547243,삼성전자 PM871b M.2 SATA 벌크 (512GB),141000
5739303,삼성전자 PM871b M.2 SATA 병행수입 (128GB),99000
6557830,삼성전자 PM871b M.2 SATA 중고 (128GB),42000
8317731,삼성전자 PM871b M.2 SATA 중고 (256GB),56550
19961117,삼성전자 PM881 M.2 SATA 벌크 (128GB),78000
14670671,삼성전자 PM883 벌크 (1.92TB),1100000
14670626,삼성전자 PM883 벌크 (3.84TB),2200000
48395126,삼성전자 PM883 벌크 (480GB),550000
14670572,삼성전자 PM883 벌크 (7.68TB),4500000
31272248,삼성전자 PM883 벌크 (960GB),690000
57306218,삼성전자 PM883 해외구매 (7.68TB),4500000
17343161,삼성전자 PM893 벌크 (1.92TB),1758500
17343065,삼성전자 PM893 벌크 (240GB),389000
17343176,삼성전자 PM893 벌크 (3.84TB),3007550
17343128,삼성전자 PM893 벌크 (480GB),778300
17343182,삼성전자 PM893 벌크 (7.68TB),4858790
17343143,삼성전자 PM893 벌크 (960GB),1154300
14670923,삼성전자 PM961 M.2 NVMe 벌크 (256GB),115147
6879958,삼성전자 PM961 M.2 NVMe 중고 (128GB),47000
6879997,삼성전자 PM961 M.2 NVMe 중고 (1TB),326000
6879979,삼성전자 PM961 M.2 NVMe 중고 (256GB),71000
6879985,삼성전자 PM961 M.2 NVMe 중고 (512GB),136000
5164735,삼성전자 PM961 M.2 NVMe 해외구매 (256GB),174600
7063738,삼성전자 PM981 M.2 NVMe 벌크 (256GB),77900
7063753,삼성전자 PM981 M.2 NVMe 벌크 (512GB),195900
5702297,삼성전자 PM981 M.2 NVMe 병행수입 (1TB),301230
6012363,삼성전자 PM981 M.2 NVMe 병행수입 (256GB),77900
5702285,삼성전자 PM981 M.2 NVMe 병행수입 (512GB),184900
103186610,삼성전자 PM981 M.2 NVMe 중고 (1TB),257000
122691410,삼성전자 PM981 M.2 NVMe 중고 (256GB),59000
122690628,삼성전자 PM981 M.2 NVMe 중고 (512GB),115320
10528728,삼성전자 PM981a M.2 NVMe 벌크 (256GB),88500
10528734,삼성전자 PM981a M.2 NVMe 벌크 (512GB),201200
9966492,삼성전자 PM981a M.2 NVMe 병행수입 (1TB),301240
9966378,삼성전자 PM981a M.2 NVMe 병행수입 (512GB),191700
122691411,삼성전자 PM981a M.2 NVMe 중고 (256GB),62650
102620828,삼성전자 PM981a M.2 NVMe 중고 (512GB),129270
13804004,삼성전자 PM981a M.2 NVMe 해외구매 (2TB),700000
14074970,삼성전자 PM991 M.2 2242 NVMe 벌크 (256GB),100000
118692657,삼성전자 PM991 M.2 2280 벌크 (128GB),84900
13761623,삼성전자 PM991 M.2 NVMe 벌크 (128GB),70000
11165553,삼성전자 PM991 M.2 NVMe 벌크 (1TB),330000
11165538,삼성전자 PM991 M.2 NVMe 벌크 (256GB),78000
11165550,삼성전자 PM991 M.2 NVMe 벌크 (512GB),171000
21456149,삼성전자 PM991 M.2 NVMe 병행수입 (128GB),83000
10865928,삼성전자 PM991 M.2 NVMe 병행수입 (256GB),84000
104225036,삼성전자 PM991 M.2 NVMe 중고 (128GB),41000
15600020,삼성전자 PM991a M.2 2242 NVMe 벌크 (256GB),118900
18748385,삼성전자 PM991a M.2 NVMe 벌크 (128GB),74990
15103874,삼성전자 PM991a M.2 NVMe 벌크 (1TB),300940
14949881,삼성전자 PM991a M.2 NVMe 벌크 (256GB),68990
14949896,삼성전자 PM991a M.2 NVMe 벌크 (512GB),244020
14602595,삼성전자 PM991a M.2 NVMe 병행수입 (128GB),160250
14602436,삼성전자 PM991a M.2 NVMe 병행수입 (1TB),310060
14602550,삼성전자 PM991a M.2 NVMe 병행수입 (256GB),83150
122708744,삼성전자 PM991a M.2 NVMe 중고 (128GB),57080
122708746,삼성전자 PM991a M.2 NVMe 중고 (1TB),231150
109681733,삼성전자 PM991a M.2 NVMe 중고 (256GB),67990
122708745,삼성전자 PM991a M.2 NVMe 중고 (512GB),129400
13486118,삼성전자 PM9A1 M.2 NVMe 벌크 (1TB),349000
13550969,삼성전자 PM9A1 M.2 NVMe 벌크 (256GB),93790
14653847,삼성전자 PM9A1 M.2 NVMe 벌크 (2TB),618000
13649699,삼성전자 PM9A1 M.2 NVMe 벌크 (512GB),228900
13276568,삼성전자 PM9A1 M.2 NVMe 병행수입 (1TB),363240
13293902,삼성전자 PM9A1 M.2 NVMe 병행수입 (256GB),131980
13276304,삼성전자 PM9A1 M.2 NVMe 병행수입 (2TB),618000
13344977,삼성전자 PM9A1 M.2 NVMe 병행수입 (512GB),245000
98782121,삼성전자 PM9A1 M.2 NVMe 중고 (1TB),287000
102760391,삼성전자 PM9A1 M.2 NVMe 중고 (256GB),79000
122699039,삼성전자 PM9A1 M.2 NVMe 중고 (2TB),568000
100691306,삼성전자 PM9A1 M.2 NVMe 중고 (512GB),173880
96363566,삼성전자 PM9A1 M.2 NVMe 해외구매 (1TB),350000
67627088,삼성전자 PM9A1a M.2 NVMe 벌크 (1TB),364990
93859979,삼성전자 PM9A1a M.2 NVMe 벌크 (512GB),254990
76871684,삼성전자 PM9A1a M.2 NVMe 병행수입 (1TB),379900
76871675,삼성전자 PM9A1a M.2 NVMe 병행수입 (2TB),708480
97473902,삼성전자 PM9A1a M.2 NVMe 병행수입 (512GB),248660
123762829,삼성전자 PM9A1a M.2 NVMe 중고 (512GB),240400
79253243,삼성전자 PM9A1a M.2 NVMe 해외구매 (512GB),349470
77463476,삼성전자 PM9A3 U.2 NVMe 병행수입 (1.92TB),2299000
77463503,삼성전자 PM9A3 U.2 NVMe 병행수입 (3.84TB),2858030
77463542,삼성전자 PM9A3 U.2 NVMe 병행수입 (7.68TB),4614950
19159703,삼성전자 PM9B1 M.2 2242 NVMe 벌크 (256GB),79000
58029764,삼성전자 PM9B1 M.2 2242 NVMe 벌크 (512GB),220000
78785120,삼성전자 PM9B1 M.2 2242 NVMe 병행수입 (512GB),185000
20308046,삼성전자 PM9B1 M.2 NVMe 벌크 (1TB),269000
20308067,삼성전자 PM9B1 M.2 NVMe 벌크 (256GB),76120
18952679,삼성전자 PM9B1 M.2 NVMe 벌크 (512GB),175640
42945764,삼성전자 PM9B1 M.2 NVMe 병행수입 (1TB),315580
42945617,삼성전자 PM9B1 M.2 NVMe 병행수입 (512GB),254150
106727057,삼성전자 PM9B1 M.2 NVMe 중고 (256GB),68000
124336173,삼성전자 PM9B1 M.2 NVMe 중고 (512GB),175650
94888187,삼성전자 PM9C1 M.2 NVMe 벌크 (1TB),313990
97112444,삼성전자 PM9C1 M.2 NVMe 벌크 (256GB),75500
71012951,삼성전자 PM9C1 M.2 NVMe 벌크 (512GB),183070
99320441,삼성전자 PM9C1 M.2 NVMe 중고 (512GB),185640
74249636,삼성전자 PM9C1a M.2 2242 NVMe 벌크 (1TB),499000
75938888,삼성전자 PM9C1a M.2 2242 NVMe 벌크 (512GB),240000
86437109,삼성전자 PM9C1a M.2 NVMe 벌크 (256GB),90000
107770565,삼성전자 PM9C1b M.2 NVMe 벌크 (1TB),282250
96583769,삼성전자 PM9C1b M.2 NVMe 벌크 (512GB),188990
96979484,삼성전자 PM9C1b M.2 NVMe 병행수입 (1TB),384000
96979466,삼성전자 PM9C1b M.2 NVMe 병행수입 (512GB),254240
103450037,삼성전자 PM9E1 M.2 NVMe 벌크 (1TB),430000
103449614,삼성전자 PM9E1 M.2 NVMe 벌크 (512GB),260000
95848700,삼성전자 PM9E1 M.2 NVMe 병행수입 (1TB),451060
92187485,삼성전자 PM9E1 M.2 NVMe 병행수입 (2TB),882100
92187206,삼성전자 PM9E1 M.2 NVMe 병행수입 (4TB),1661470
95848934,삼성전자 PM9E1 M.2 NVMe 병행수입 (512GB),326990
76789799,삼성전자 PM9F1 M.2 NVMe 벌크 (512GB),227000
104950076,삼성전자 SM863a 중고 (1.92TB),1393560
4664976,삼성전자 SM961 M.2 NVMe 병행수입 (256GB),172000
63036680,서진네트웍스 UNICORN 2.5인치 HDD 듀얼 컨버터 케이블 (FD-900D),8280
3669333,서진네트웍스 UNICORN 2.5형 하드보관 케이스,1700
3669316,서진네트웍스 UNICORN 3.5형 하드보관 케이스,1450
93704684,서진네트웍스 UNICORN JM-200 M.2 SSD 보관케이스,6490
89612558,서진네트웍스 UNICORN M.2 SSD 보관케이스,4890
8467275,서진네트웍스 UNICORN USB 3.0 Type C to SATA 케이블 (FD-800SATAC),9900
8467623,서진네트웍스 UNICORN USB 3.0 to SATA 케이블 (FD-700SATAA),8510
5020544,서진네트웍스 UNICORN USB 3.0 to SATA 케이블 (HD-300SATA),8840
5548440,서진네트웍스 UNICORN USB 3.0 to SATA 케이블 (HD-500SATAA),15400
5548362,서진네트웍스 UNICORN USB Type C to SATA 케이블 (HD-500SATAC),16900
18917405,솔리다임 D3-S4520 (1.92TB),4490000
18917474,솔리다임 D3-S4520 (3.84TB),5490000
18917360,솔리다임 D3-S4520 (480GB),1899000
18917492,솔리다임 D3-S4520 (7.68TB),4200000
18917384,솔리다임 D3-S4520 (960GB),2599000
52154993,솔리다임 D3-S4620 해외구매 (3.84TB),4990000
52155221,솔리다임 D3-S4620 해외구매 (480GB),1700000
52155143,솔리다임 D3-S4620 해외구매 (960GB),1899000
74005400,솔리다임 D5-P5336 U.2 NVMe 해외구매 (15.36TB),15990000
74005415,솔리다임 D5-P5336 U.2 NVMe 해외구매 (30.72TB),32000000
74005430,솔리다임 D5-P5336 U.2 NVMe 해외구매 (61.44TB),60000000
74005376,솔리다임 D5-P5336 U.2 NVMe 해외구매 (7.68TB),9990000
81061529,솔리다임 D7-P5520 U.2 NVMe 해외구매 (1.92TB),4290000
81061658,솔리다임 D7-P5520 U.2 NVMe 해외구매 (15.36TB),18650000
81061601,솔리다임 D7-P5520 U.2 NVMe 해외구매 (3.84TB),4490000
81061631,솔리다임 D7-P5520 U.2 NVMe 해외구매 (7.68TB),10210000
74122028,솔리다임 D7-PS1010 U.2 NVMe 해외구매 (1.92TB),4350000
74121944,솔리다임 D7-PS1010 U.2 NVMe 해외구매 (3.84TB),5490000
74122079,솔리다임 D7-PS1010 U.2 NVMe 해외구매 (7.68TB),9490000
17706074,솔리다임 P41 PLUS M.2 NVMe (2TB),543320
69656300,솔리다임 P44 Pro M.2 NVMe 벌크 (2TB),736420
11834728,쏘 Drive M.2 NVMe (512GB),99800
102128060,아이티젠 M.2 NVMe PCI-E 1x 변환 컨버터,3980
102355247,아이티젠 M.2 NVMe PCI-E 4x 듀얼 변환 컨버터,5750
102128081,아이티젠 M.2 NVMe PCI-E 4x 변환 컨버터,3980
13355141,에이서 FA100 M.2 NVMe (512GB),159000
14833019,에이서 FA100 M.2 NVMe 해외구매 (256GB),76210
94634642,에이서 MA200 M.2 2230 NVMe 해외구매 (512GB),292230
107989691,에이서 프레데터 GM6 M.2 NVMe 해외구매 (2TB),608760
49829687,에이서 프레데터 GM7 M.2 NVMe 해외구매 (1TB),503500
49829600,에이서 프레데터 GM7 M.2 NVMe 해외구매 (2TB),466100
16039961,에이서 프레데터 GM7000 M.2 NVMe (1TB),341000
106749752,에이서 프레데터 GM9000 M.2 NVMe (1TB),379500
106749746,에이서 프레데터 GM9000 M.2 NVMe (2TB),630000
96256778,에이서 프레데터 GM9000 M.2 NVMe 해외구매 (2TB),813490
107989541,에이서 프레데터 GM9000 히트싱크 M.2 NVMe 해외구매 (4TB),1406580
42205625,엔터컴 3.5형 HDD 케이스 고급형,2200
15115958,엠비에프 MBF-U3SATA-BK USB 3.0 to SATA3 컨버터,7340
16779401,엠비에프 MBF-UC3SATA-BK USB 3.0 Type C to SATA 어댑터,8700
76942457,엠씨케이글로벌 OUTTON MK-500 LITE M.2 2242 SATA 벌크 (256GB),104980
12372326,엠씨케이글로벌 OUTTON MK-500 LITE M.2 NVMe (128GB),82990
12372446,엠씨케이글로벌 OUTTON MK-500 LITE M.2 NVMe (256GB),106490
12575978,엠씨케이글로벌 OUTTON MK-500 LITE M.2 SATA (128GB),59990
12576071,엠씨케이글로벌 OUTTON MK-500 LITE M.2 SATA (512GB),99000
73883468,엠씨케이글로벌 OUTTON MK-500 LITE QLC M.2 NVMe 벌크 (2TB),449990
12544625,엠씨케이글로벌 OUTTON MK-500 LITE SSD (128GB),48990
12545087,엠씨케이글로벌 OUTTON MK-500 LITE SSD (1TB),198000
12545057,엠씨케이글로벌 OUTTON MK-500 LITE SSD (256GB),85000
19193414,엠씨케이글로벌 OUTTON MK-500 LITE SSD (2TB),350000
12545069,엠씨케이글로벌 OUTTON MK-500 LITE SSD (512GB),133000
76942418,엠씨케이글로벌 OUTTON MK-500 LITE mSATA 벌크 (256GB),104980
76942400,엠씨케이글로벌 OUTTON MK-500 LITE mSATA 벌크 (512GB),159980
15400988,위젤 오랜웰 SG01 2.5 to 3.5 가이드,460
5889167,위즈플랫 2.5 SATA3 변환 마운트 (SRIN2535),20850
122642444,위즈플랫 SPX-3520N 하드보관함,49830
92233751,위즈플랫 SPX-M215 M.2 SSD 보관함,24330
3438986,위즈플랫 새로텍 HDD Protection Box SPX-3510N,34820
1447820,위즈플랫 새로텍 SPX-35 하드 보관함 케이스,5490
121132571,유니온 메모리 AM620 NVME M.2 2242 벌크 (128GB),88200
120636312,유니온 메모리 AM620 NVME M.2 2242 벌크 (256GB),86400
6249368,이메이션 A320 (240GB),59950
20313611,이메이션 Q971 M.2 NVMe (1TB),265000
20313632,이메이션 Q971 M.2 NVMe (2TB),419000
20313485,이메이션 Q971 M.2 NVMe (512GB),159000
75656285,이메이션 XPro (256GB),68900
75656279,이메이션 XPro (512GB),113900
9652941,이지넷유비쿼터스 M.2 to SATA 변환 어댑터 (1NGFF1S),20700
13228772,이지넷유비쿼터스 NEXT-338TC USB-C to SATA 컨버터,15210
3229500,이지넷유비쿼터스 NEXT-418U3 SATA,18400
13228940,이지넷유비쿼터스 NEXT-448TC USB-C to SATA 컨버터,16450
1297346,이지넷유비쿼터스 NEXT-HDD BOX 하드 보호케이스,3790
16860140,이지넷유비쿼터스 NEXTU NEXT-M2290G2DC M.2 & SATA 클론 어댑터,48510
28247900,이지넷유비쿼터스 NEXTU 화이듀 M2296PCIe M.2 to PCIe 변환 어댑터,9800
5115382,이지넷유비쿼터스 USB 2.0 to SATA/IDE 컨트롤러 (NEXT-218SATAIDE NEW),18900
3932027,이지넷유비쿼터스 USB 3.0 2.5형 SSD/HDD SATA3 컨트롤러 (NEXT-415MU3),5600
1510996,이지넷유비쿼터스 USB 3.0 to SATA 확장 어댑터 (NEXT-318U3),18400
9831483,이지넷유비쿼터스 USB 3.0 to SATA/IDE 컨트롤러 (NEXT-518U3 SATAIDE),24600
9651540,이지넷유비쿼터스 mSATA to SATA 변환 어댑터 (1MSATA1S),20700
75465446,인네트워크 IN-325ST USB to SATA 컨버터,4790
20753111,인네트워크 IN-PCIEX-M2NA M.2 NVMe to PCIe 확장 카드,4790
20753024,인네트워크 IN-PCIEX-M2NB M.2 NVMe to PCIe 확장 카드,4520
93700160,인네트워크 IN-ST3025 USB to SATA 컨버터,4510
6449256,인텔 660P M.2 NVMe (2TB),550000
6460539,인텔 D3-S4510 (1.92TB),4990000
6460412,인텔 D3-S4510 (240GB),1507000
6460532,인텔 D3-S4510 (480GB),1699000
66139043,인텔 D3-S4510 (7.68TB),8852000
6460535,인텔 D3-S4510 (960GB),2739000
6525260,인텔 D3-S4510 해외구매 (1.92TB),1699000
6525273,인텔 D3-S4510 해외구매 (480GB),213110
75537176,인텔 D3-S4510 해외구매 (7.68TB),2423880
6525271,인텔 D3-S4510 해외구매 (960GB),190150
104320652,인텔 DC P3600 PCIe 중고 (2TB),809210
13686647,인텔 DC P4610 (1.6TB),808500
5115555,인텔 Optane Memory M.2 NVMe (16GB),55060
14019041,인텔 SOLIDIGM 670p M.2 NVMe (2TB),418000
90958346,장우컴퍼니 JW-M.2 SSD 연장 가이드,1800
14261117,장우컴퍼니 M.2 SSD 연장 가이드,1790
18327131,젬스톤 GSTON GSM250S 벌크 (120GB),48800
14535104,조이쿨 2.5 to 3.5 듀얼 가이드,1190
14535221,조이쿨 2.5 to 3.5 레드 가이드,510
14904665,조이쿨 2.5/3.5 to 5.25 가이드,1490
17564345,조이쿨 3.5 to 5.25 가이드,1700
13105946,조이쿨 3.5 변환 SSD 가이드,730
14810525,조이쿨 M.2 SSD 조립용 나사 (10개),360
14810528,조이쿨 M.2 SSD 조립용 나사 (50개),1990
21193868,조이쿨 M.2 육각나사 세트,900
14070197,조이쿨 SSD 고정용 나사 (100개),2490
14069789,조이쿨 SSD 고정용 나사 (20개),510
103810973,컴이지 KINGDOM New PM M.2 NVMe 벌크 (1TB),226990
103810997,컴이지 KINGDOM New PM M.2 NVMe 벌크 (256GB),76150
103810994,컴이지 KINGDOM New PM M.2 NVMe 벌크 (512GB),126100
28398008,컴이지 KINGDOM PM M.2 NVMe (1TB),245000
28399487,컴이지 KINGDOM PM M.2 NVMe (512GB),154060
105966746,컴이지 KINGDOM PM M40 M.2 NVMe 벌크 (512GB),144890
104321216,컴이지 KINGDOM PM R40 M.2 NVMe 벌크 (500GB),175990
4706729,컴포인트 M.2 to SATA 컨버터 (KS511),9200
15064685,케이엘시스템 2.5 SSD 조립용 나사 (20개),950
13761134,케이엘시스템 KLcom 2.5 to 3.5 싱글 가이드,510
3730877,케이엘시스템 KLcom SATA to USB 2.0 컨버터 (KL-STU20),3740
6123717,케이엘시스템 KLcom SATA to USB 3.0 컨버터 (KL-STU30),6230
19764002,퀄리티어슈어런스코리아 2.5인치 HDD SSD 하드보관함,980
11384787,큐닉스그룹 큐닉스 PLASMA SERIES SSD 벌크 (120GB),39890
12384710,크로셀 CORE (128GB),47660
109596251,키오시아 BG6 KBG60ZNV M.2 NVMe 벌크 (256GB),114010
124259004,키오시아 BG6 KBG6AZNV M.2 NVMe 벌크 (512GB),182540
29345393,키오시아 CL4-8D M.2 NVMe 벌크 (256GB),69990
95282774,키오시아 CL4-8D M.2 NVMe 벌크 (512GB),167390
11282967,키오시아 EXCERIA (480GB),125710
101545817,키오시아 EXCERIA BASIC M.2 NVMe (1TB),298980
101545757,키오시아 EXCERIA BASIC M.2 NVMe (2TB),429000
106764299,키오시아 EXCERIA BASIC M.2 NVMe 해외구매 (1TB),291220
106764323,키오시아 EXCERIA BASIC M.2 NVMe 해외구매 (2TB),626710
104228888,키오시아 EXCERIA G3 M.2 NVMe (1TB),378220
104228885,키오시아 EXCERIA G3 M.2 NVMe (2TB),588980
122719763,키오시아 EXCERIA G3 M.2 NVMe (4TB),1608090
123763132,키오시아 EXCERIA G3 M.2 NVMe 해외구매 (1TB),383540
123763135,키오시아 EXCERIA G3 M.2 NVMe 해외구매 (2TB),694270
30271115,키오시아 EXCERIA PLUS G3 M.2 NVMe (1TB),348990
30271118,키오시아 EXCERIA PLUS G3 M.2 NVMe (2TB),558400
74056493,키오시아 EXCERIA PLUS G4 M.2 NVMe (1TB),398980
74056484,키오시아 EXCERIA PLUS G4 M.2 NVMe (2TB),465000
79518806,키오시아 EXCERIA PLUS G4 M.2 NVMe 해외구매 (1TB),594450
104228879,키오시아 EXCERIA PRO G2 M.2 NVMe (1TB),548980
104228876,키오시아 EXCERIA PRO G2 M.2 NVMe (2TB),988890
104228882,키오시아 EXCERIA PRO G2 M.2 NVMe (4TB),1789980
74971610,키오시아 EXCERIA 히트싱크 M.2 NVMe (1TB),372000
74971640,키오시아 EXCERIA 히트싱크 M.2 NVMe (2TB),519000
99125576,키오시아 EXCERIA 히트싱크 M.2 NVMe (4TB),930000
85799777,키오시아 EXCERIA 히트싱크 M.2 NVMe 해외구매 (1TB),419330
16463822,키오시아 KBG40ZNV M.2 NVMe 벌크 (256GB),77990
20502263,키오시아 KBG50ZNV M.2 NVMe 벌크 (256GB),139490
15150230,키오시아 KXG60ZNV M.2 NVMe 벌크 (256GB),78000
122719700,키오시아 XG6 M.2 NVMe 중고 (256GB),73080
122692650,키오시아 XG7 KXG70ZNV M.2 NVMe 벌크 (1TB),346760
92686784,키오시아 XG7 M.2 NVMe 벌크 (4TB),1033690
109596086,킹스톤 DC600M 해외구매 (480GB),1851700
109596095,킹스톤 DC600M 해외구매 (960GB),1136160
96773153,킹스톤 FURY Renegade G5 M.2 NVMe (1TB),787680
96773120,킹스톤 FURY Renegade G5 M.2 NVMe (2TB),1200050
96772838,킹스톤 FURY Renegade G5 M.2 NVMe (4TB),2275310
90156950,킹스톤 FURY Renegade G5 M.2 NVMe 해외구매 (1TB),820840
43491269,킹스톤 FURY Renegade M.2 NVMe 해외구매 (500GB),628040
111279101,킹스톤 HyperX M.2 2280 S3 시리즈 벌크 (128GB),95040
119549186,킹스톤 HyperX M.2 2280 S3 시리즈 벌크 (256GB),950400
96773165,킹스톤 KC3000 M.2 NVMe (1TB),437910
96773093,킹스톤 KC3000 M.2 NVMe (2TB),642360
96773027,킹스톤 KC3000 M.2 NVMe (4TB),1484000
96773204,킹스톤 KC3000 M.2 NVMe (512GB),354910
122635825,킹스톤 KC3000 M.2 NVMe 병행수입 (1TB),337400
46675112,킹스톤 KC3000 M.2 NVMe 해외구매 (2TB),637910
46675127,킹스톤 KC3000 M.2 NVMe 해외구매 (4TB),1784900
14275913,킹스톤 KC600 해외구매 (256GB),83150
106686851,킹스톤 NV3 M.2 2230 NVMe 병행수입 (1TB),379400
106686848,킹스톤 NV3 M.2 2230 NVMe 병행수입 (2TB),659980
106686854,킹스톤 NV3 M.2 2230 NVMe 병행수입 (500GB),208670
93628601,킹스톤 NV3 M.2 2230 NVMe 해외구매 (1TB),363780
93628586,킹스톤 NV3 M.2 2230 NVMe 해외구매 (500GB),344250
96772595,킹스톤 NV3 M.2 NVMe (1TB),292650
96772562,킹스톤 NV3 M.2 NVMe (2TB),540890
96772508,킹스톤 NV3 M.2 NVMe (4TB),1346940
96772631,킹스톤 NV3 M.2 NVMe (500GB),192730
103751138,킹스톤 NV3 M.2 NVMe 병행수입 (1TB),267990
103751144,킹스톤 NV3 M.2 NVMe 병행수입 (500GB),255000
97119866,킹스톤 OM3PGP4512Q-A0 M.2 2230 NVMe 해외구매 (512GB),294720
17621474,킹스톤 OM8PDP3256B-AB1 M.2 NVme 벌크 (256GB),69000
27557195,킹스톤 OM8PDP3256B-AI1 M.2 NVMe 벌크 (256GB),99000
69470651,킹스톤 SSDNow A400 해외구매 (120GB),40460
69470717,킹스톤 SSDNow A400 해외구매 (480GB),97080
122617999,킹스톤 SSDNow RBU-SC180DS37 중고 (128GB),22000
9496839,타무즈 GK300 (256GB),70000
11708717,타무즈 GK300 (64GB),28680
11888062,타무즈 GKM330 M.2 2242 SATA (1TB),295000
11887951,타무즈 GKM330 M.2 2242 SATA (256GB),101080
11888050,타무즈 GKM330 M.2 2242 SATA (512GB),159610
11887891,타무즈 GKM330 M.2 2242 SATA (64GB),67880
9701229,타무즈 GKM330 M.2 SATA (128GB),59660
9701295,타무즈 GKM330 M.2 SATA (256GB),83680
9701343,타무즈 GKM330 M.2 SATA (512GB),121670
10034022,타무즈 GKX370 mSATA (128GB),84050
10034037,타무즈 GKX370 mSATA (256GB),106880
10034049,타무즈 GKX370 mSATA (512GB),191980
10033965,타무즈 GKX370 mSATA (64GB),58090
10033824,타무즈 GKX570 mSATA 벌크 (16GB),20810
10033884,타무즈 GKX570 mSATA 벌크 (256GB),118300
10033857,타무즈 GKX570 mSATA 벌크 (32GB),33200
10033869,타무즈 GKX570 mSATA 벌크 (64GB),54810
33364364,타무즈 M740 M.2 NVMe 벌크 (1TB),230700
33364415,타무즈 M740 M.2 NVMe 벌크 (256GB),82300
33364421,타무즈 M740 M.2 NVMe 벌크 (512GB),145400
124076572,타무즈 M740Q M.2 NVMe 벌크 (128GB),57010
103692554,타무즈 M740Q M.2 NVMe 벌크 (1TB),230480
103692578,타무즈 M740Q M.2 NVMe 벌크 (256GB),90540
103692572,타무즈 M740Q M.2 NVMe 벌크 (512GB),127510
91765991,타무즈 M820 M.2 NVMe (1TB),264620
91765979,타무즈 M820 M.2 NVMe (512GB),148970
92970176,타무즈 MX400 mSATA 벌크 (1TB),226910
33369680,타무즈 RXK550 벌크 (128GB),40980
33369665,타무즈 RXK550 벌크 (1TB),199240
33369677,타무즈 RXK550 벌크 (256GB),68480
33369674,타무즈 RXK550 벌크 (512GB),111580
123437642,타무즈 RXK550 벌크 (64GB),34240
5086842,탑라인에이치디 HDTOP 3.5형 하드보관함,2800
6998212,탑라인에이치디 HDTOP USB 3.0 to SATA 2.5형 컨버터 (HT-A100),6700
49252109,탑라인에이치디 솔탑 HT-A200 컨버터,7000
7430038,트랜센드 MSA230S mSATA (128GB),118000
8842694,트랜센드 MSA230S mSATA (256GB),191980
17550233,트랜센드 MSA230S mSATA (512GB),324980
7430029,트랜센드 MSA230S mSATA (64GB),79500
2813737,트랜센드 MSA370 mSATA (128GB),788980
2813743,트랜센드 MSA370 mSATA (256GB),1529980
3568758,트랜센드 MSA370 mSATA (32GB),221990
2837539,트랜센드 MSA370 mSATA (512GB),3249990
2813718,트랜센드 MSA370 mSATA (64GB),413980
16245542,트랜센드 MTE110Q M.2 NVMe (1TB),344990
16245587,트랜센드 MTE110Q M.2 NVMe (500GB),163550
6242066,트랜센드 MTE110S M.2 NVMe (128GB),88990
6938251,트랜센드 MTE110S M.2 NVMe (1TB),359990
6242075,트랜센드 MTE110S M.2 NVMe (256GB),126900
17549690,트랜센드 MTE110S M.2 NVMe (2TB),876990
6242079,트랜센드 MTE110S M.2 NVMe (512GB),165440
8907404,트랜센드 MTE110S M.2 NVMe 해외구매 (128GB),47000
8049886,트랜센드 MTE220S M.2 NVMe (1TB),679990
8049865,트랜센드 MTE220S M.2 NVMe (256GB),194570
11093694,트랜센드 MTE220S M.2 NVMe (2TB),984980
8049874,트랜센드 MTE220S M.2 NVMe (512GB),303610
14081222,트랜센드 MTE240S M.2 NVMe (1TB),494940
99476564,트랜센드 MTE240S M.2 NVMe (2TB),954980
14081342,트랜센드 MTE240S M.2 NVMe (500GB),378980
94088774,트랜센드 MTE240S M.2 NVMe 벌크 (1TB),495000
99476642,트랜센드 MTE240S M.2 NVMe 벌크 (2TB),954980
94088762,트랜센드 MTE240S M.2 NVMe 벌크 (500GB),380000
29307890,트랜센드 MTE245S M.2 NVMe (1TB),373980
68915633,트랜센드 MTE245S M.2 NVMe (250GB),159990
29307863,트랜센드 MTE245S M.2 NVMe (2TB),799990
29307746,트랜센드 MTE245S M.2 NVMe (4TB),1579980
29340407,트랜센드 MTE245S M.2 NVMe (500GB),244970
18581684,트랜센드 MTE250H M.2 NVMe (1TB),764980
18581717,트랜센드 MTE250H M.2 NVMe (2TB),1059980
18479411,트랜센드 MTE250S M.2 NVMe (1TB),827040
18479384,트랜센드 MTE250S M.2 NVMe (2TB),1056880
19094288,트랜센드 MTE250S M.2 NVMe (4TB),2126990
77965361,트랜센드 MTE255S M.2 NVMe (1TB),479980
77965343,트랜센드 MTE255S M.2 NVMe (2TB),919980
96649172,트랜센드 MTE260S M.2 NVMe (1TB),543270
94811477,트랜센드 MTE260S M.2 NVMe (2TB),1289980
99637886,트랜센드 MTE260S M.2 NVMe (4TB),2639980
24708467,트랜센드 MTE300S M.2 2230 NVMe (1TB),489990
19175660,트랜센드 MTE300S M.2 2230 NVMe (256GB),155990
19175726,트랜센드 MTE300S M.2 2230 NVMe (512GB),264990
68789954,트랜센드 MTE310S M.2 2230 NVMe (1TB),492640
74056328,트랜센드 MTE310S M.2 2230 NVMe (2TB),973770
68790020,트랜센드 MTE310S M.2 2230 NVMe (512GB),268980
19176074,트랜센드 MTE400S M.2 2242 NVMe (1TB),489980
19175996,트랜센드 MTE400S M.2 2242 NVMe (256GB),155990
30217520,트랜센드 MTE400S M.2 2242 NVMe (2TB),962920
19176044,트랜센드 MTE400S M.2 2242 NVMe (512GB),264230
32682920,트랜센드 MTE410S M.2 2242 NVMe (1TB),494990
32673455,트랜센드 MTE410S M.2 2242 NVMe (2TB),971670
32690744,트랜센드 MTE410S M.2 2242 NVMe (512GB),268490
106703540,트랜센드 MTE410S M.2 2242 NVMe 해외구매 (512GB),378400
110821325,트랜센드 MTS420S M.2 2242 (120GB),77000
121327172,트랜센드 MTS420S M.2 2242 (240GB),102277
112350194,트랜센드 MTS420S M.2 2242 (480GB),215000
15847229,트랜센드 MTS420S M.2 2242 SATA (120GB),76990
15847280,트랜센드 MTS420S M.2 2242 SATA (240GB),99990
15847289,트랜센드 MTS420S M.2 2242 SATA (480GB),214980
90269273,트랜센드 MTS430S M.2 2242 SATA 해외구매 (128GB),116000
4413015,트랜센드 MTS820 M.2 SATA (120GB),70000
4413004,트랜센드 MTS820 M.2 SATA (240GB),143840
5986682,트랜센드 MTS820S M.2 SATA (120GB),69990
5986687,트랜센드 MTS820S M.2 SATA (240GB),122990
5986690,트랜센드 MTS820S M.2 SATA (480GB),188300
6798478,트랜센드 MTS830S M.2 SATA (128GB),105990
6938563,트랜센드 MTS830S M.2 SATA (1TB),488980
6798490,트랜센드 MTS830S M.2 SATA (256GB),186950
6798502,트랜센드 MTS830S M.2 SATA (512GB),289000
12213089,트랜센드 SSD220Q (1TB),360000
12284690,트랜센드 SSD220Q (2TB),882990
12213065,트랜센드 SSD220Q (500GB),169000
4091615,트랜센드 SSD220S (120GB),68990
3975348,트랜센드 SSD220S (240GB),124990
3975334,트랜센드 SSD220S (480GB),168990
4674170,트랜센드 SSD220S 해외구매 (120GB),98730
17719241,트랜센드 SSD225S (1TB),383000
17719367,트랜센드 SSD225S (250GB),124990
17719115,트랜센드 SSD225S (2TB),909490
17719292,트랜센드 SSD225S (500GB),168990
4825624,트랜센드 SSD230S (128GB),94940
5901598,트랜센드 SSD230S (1TB),455000
4825610,트랜센드 SSD230S (256GB),190000
7631194,트랜센드 SSD230S (2TB),1575000
17594117,트랜센드 SSD230S (4TB),1700000
4825561,트랜센드 SSD230S (512GB),247920
119032061,트랜센드 SSD230S mSATA (64GB),79500
8906570,트랜센드 SSD230S 해외구매 (128GB),55000
3190082,트랜센드 SSD370S (128GB),658000
3244009,트랜센드 SSD370S (1TB),5000000
3190087,트랜센드 SSD370S (256GB),1290000
5901547,트랜센드 SSD370S (32GB),195000
3208163,트랜센드 SSD370S (512GB),2540000
3190080,트랜센드 SSD370S (64GB),354000
9469365,트로이씨앤씨 MTros MS820 SSD (256GB),60230
96653579,티테크놀로지 T-2230-2242 M.2 SSD 연장 가이드,1630
96653594,티테크놀로지 T-2230-2280 M.2 SSD 연장 가이드,1630
96583484,티테크놀로지 T-2242-2280 M.2 SSD 연장 가이드,1630
96583529,티테크놀로지 T-M2-3080 M.2 SSD 연장 가이드,2040
95205635,티테크놀로지 T-MS2S-PCB mSATA to SATA 컨버터,5120
98077121,티테크놀로지 T-NGFF-CASE M.2 to SATA 컨버터,7230
99556811,티테크놀로지 TG-2535 2.5 to 3.5 HDD 장착 가이드,210
18652859,티테크놀로지 TG-D2535 듀얼 가이드,1130
2482945,티피원 storyG 3.5형 하드 케이스,1310
122930212,파이슨 ESO01TBHLCJ-EL1 M.2 NVMe 벌크 (1TB),288990
77624759,파이슨 ESO256GHLCJ-EL1 M.2 NVMe 벌크 (256GB),60760
46309919,파이슨 ESO512GHLCA1-21C M.2 NVMe 벌크 (512GB),173890
123804111,파이슨 ESO512GHLCA1-21C M.2 NVMe 중고 (512GB),201720
103130108,파이슨 ESO512GHLCJ-EL1 M.2 NVMe 벌크 (512GB),195920
123804112,파이슨 ESO512GHLCJ-EL1 M.2 NVMe 중고 (512GB),147290
3446224,파이슨 Half Slim SSD S9HS 벌크 (32GB),61440
3446229,파이슨 Half Slim SSD S9HS 벌크 (64GB),71180
8733068,프레젠샵 2.5 to 3.5 1단 변환 가이드 (PS-G002),800
8733152,프레젠샵 2.5 to 3.5 2단 변환 가이드 (PS-G003),1565
11012049,한창코퍼레이션 Cloud M.2 NVMe (128GB),55000
11012139,한창코퍼레이션 Cloud M.2 NVMe (1TB),252000
11012085,한창코퍼레이션 Cloud M.2 NVMe (256GB),97000
11012115,한창코퍼레이션 Cloud M.2 NVMe (512GB),155000
10839285,한창코퍼레이션 Cloud M.2 SATA (1TB),210000
10839261,한창코퍼레이션 Cloud M.2 SATA (256GB),66000
10839279,한창코퍼레이션 Cloud M.2 SATA (512GB),135000
7981315,한창코퍼레이션 Cloud SSD (120GB),50000
7981351,한창코퍼레이션 Cloud SSD (128GB),52000
7981645,한창코퍼레이션 Cloud SSD (1TB),208000
7981372,한창코퍼레이션 Cloud SSD (240GB),62000
7981390,한창코퍼레이션 Cloud SSD (256GB),65000
122700957,한창코퍼레이션 Cloud SSD (2TB),350000
7981411,한창코퍼레이션 Cloud SSD (480GB),120000
7981429,한창코퍼레이션 Cloud SSD (512GB),134000
19508336,한창코퍼레이션 WIN M.2 NVMe (128GB),55000
19508660,한창코퍼레이션 WIN M.2 NVMe (1TB),230000
19508561,한창코퍼레이션 WIN M.2 NVMe (256GB),80000
19508612,한창코퍼레이션 WIN M.2 NVMe (512GB),140000
19508843,한창코퍼레이션 WIN SSD (120GB),36000
19508897,한창코퍼레이션 WIN SSD (128GB),37000
19509350,한창코퍼레이션 WIN SSD (1TB),190000
19509188,한창코퍼레이션 WIN SSD (240GB),61000
19509257,한창코퍼레이션 WIN SSD (256GB),63000
19509311,한창코퍼레이션 WIN SSD (512GB),100000
73121480,화웨이 eKitStor Xtreme 200E M.2 NVMe (1TB),255900
102411863,화웨이 eKitStor Xtreme 201 M.2 NVMe (1TB),299000
102411866,화웨이 eKitStor Xtreme 201 M.2 NVMe (2TB),504980
